-4.72952721491893e-15
-6.71505537430049e-05
-0.000265958265247020
-0.000588630407459692
-0.00101849145051584
-0.00151200180970924
-0.00203119052135445
-0.00258013410166556
-0.00263610437493660
-0.00254836565352811
-0.00103105699116513
-0.000515515144802851
0.000265341813018875
0.00144650369940428
-0.000487470455474824
0.000771677739149519
0.000815573226210421
0.000829400635157034
0.000722738570380723
0.000609982499697785
0.000645174506220928
0.000668041720792235
0.000821996940076012
0.00109754120535662
0.00138552812827597
0.00164002155198728
0.00182799947291215
0.00190946895848303
0.00194483249706206
0.00195339183446535
0.00195405493597025
-1.50224271019081e-15
-6.71766403422281e-05
-0.000266088059289052
-0.000588875728109012
-0.00101949024025886
-0.00151459753309434
-0.00203343462893683
-0.00256825970825564
-0.00264670561052256
-0.00255301870045654
-0.00106338362846360
-0.000610596120658726
0.000253201598420909
0.00145078208035384
-0.000576944868421877
0.000771734061168703
0.000820850734414017
0.000825280577126184
0.000736376236576937
0.000613599208431233
0.000645644898607685
0.000667160876404829
0.000822213878377283
0.00109070376567310
0.00138578407094072
0.00164168690414720
0.00182573255909111
0.00190970096459483
0.00194533324005294
0.00195392049217430
0.00195458886648462
1.55286492952911e-15
-6.73068241500668e-05
-0.000266647227391224
-0.000589672886513561
-0.00102093080444148
-0.00153711400301105
-0.00206001664293101
-0.00246619430170877
-0.00267002885809595
-0.00255176339243487
-0.00157514626574663
-0.000863186224286557
0.000172723186262918
0.000452209977973875
0.000205065553607392
0.000817962282251386
0.000839787818311580
0.000804686982293793
0.000797348910024363
0.000638144350396238
0.000633841858405226
0.000666385872279633
0.000813669566288070
0.00108085577609076
0.00138703716641778
0.00164357690729790
0.00181881535862124
0.00191107568589853
0.00194788833623958
0.00195660299621801
0.00195727237687091
-5.30997502558075e-15
-6.76018550090665e-05
-0.000267752543985917
-0.000592230857623840
-0.00102425895969985
-0.00152584448340719
-0.00209166486563221
-0.00247779237511963
-0.00269944885545619
-0.00240456802089005
-0.00177050594841751
-0.000790642218630205
-4.51379162852672e-05
-0.000264295980654065
0.00123579772351428
0.000935353184389967
0.000875018977734102
0.000846242088172233
0.000819461694577950
0.000719167595641152
0.000637889970565474
0.000661285966159151
0.000820867172684488
0.00108901553567359
0.00138896371372451
0.00164947781448366
0.00182380252237493
0.00191676188548535
0.00195331591246072
0.00196201852200818
0.00196265912503007
-7.24073692699168e-15
-6.79985914435517e-05
-0.000269366495355865
-0.000595818157287274
-0.00103180105216355
-0.00155500114025090
-0.00208830581962120
-0.00250632452754683
-0.00277395106182381
-0.00251222425287582
-0.00198866707643134
-0.00100822673910795
2.07026502058096e-05
-0.000110371231071983
0.000656937975622318
0.00102436130637388
0.000867248249195305
0.000765778887113130
0.000662590773307465
0.000703053476332346
0.000629533710004816
0.000662164414678010
0.000828532811933524
0.00108679186467885
0.00139201031659254
0.00164914725570046
0.00182715581815474
0.00192301506335447
0.00196076087770453
0.00196953243731925
0.00197020774392831
-1.28104536168356e-15
-6.85140286081351e-05
-0.000271340278589236
-0.000599183732356114
-0.00103804647589684
-0.00154735327105271
-0.00209200579840225
-0.00264051953625364
-0.00273735760805757
-0.00251414322398668
-0.00203561187398710
-0.00139084739717952
-0.000762724097667626
0.000533135346198905
0.000799591784899853
0.000824347281343707
0.000819510367027636
0.000922638425290191
0.000827280441606869
0.000665688484070163
0.000619972113037957
0.000660884341196182
0.000817971913494021
0.00109057419507571
0.00139559835505827
0.00165947248448408
0.00183229078829647
0.00193276523385184
0.00197041837387559
0.00197934484396418
0.00198001514978136
6.47372074367990e-15
-6.91143237683516e-05
-0.000273687716216475
-0.000604639219828908
-0.00104275484029359
-0.00156391391648761
-0.00210463596323305
-0.00242691237567251
-0.00278715871110087
-0.00246260541460355
-0.00136289967030377
-0.000622158426073872
0.000542371623275092
0.000544878468915696
0.00115288157845041
0.000763312295839418
0.000843586150376029
0.000762975742058942
0.000737510503175956
0.000726735879264071
0.000609286178138918
0.000663333691369308
0.000813576070527497
0.00109153223954570
0.00140042164695890
0.00166946505980408
0.00184763782172372
0.00194371466369421
0.00198243551374940
0.00199144418765056
0.00199208584013909
-4.93794168555446e-15
-6.97473199883226e-05
-0.000276233936823972
-0.000611006678084465
-0.00105772897004052
-0.00158043549232925
-0.00212357987281945
-0.00258156166121634
-0.00275302227142930
-0.00260667526437731
-0.00209360703631553
-0.00156512105837849
-0.000570089519380826
0.000410302507258918
0.000417994798374012
0.000898346148251965
0.000871447893860249
0.000881275764493999
0.000773090359963884
0.000715321260594597
0.000620089200658674
0.000657980406735018
0.000817381958767266
0.00108886491474205
0.00140600003025698
0.00167691047428438
0.00185888753310254
0.00195756417987283
0.00199667646161573
0.00200583352257576
0.00200650646058705
-2.08180474950212e-15
-7.05296767577047e-05
-0.000279371201150820
-0.000617502809727579
-0.00106865012546142
-0.00159036849594912
-0.00213675210847223
-0.00258143569474235
-0.00277607958320753
-0.00257742070784433
-0.00190032327074421
-0.00108932618282586
-8.65546684685600e-05
0.00150160049914954
0.000846420441500747
0.000815843409976571
0.000878134061444027
0.000841406277041653
0.000774188999927683
0.000652870353641340
0.000659049045582598
0.000660297595281787
0.000822490782037718
0.00109403404699942
0.00141265758439687
0.00168511386136430
0.00187263724253540
0.00197393855073268
0.00201320762647440
0.00202266497829310
0.00202334815975640
-3.42775291476503e-15
-7.14384461379865e-05
-0.000283022286567660
-0.000627211227968592
-0.00108223466277208
-0.00162404542566048
-0.00218468411337189
-0.00264945282121967
-0.00282839222046748
-0.00258121111600302
-0.00194203511098494
-0.000948884309091673
-0.000113853534576869
0.000277773485692868
0.000632430876277754
0.000888850608508482
0.000874222525324238
0.000824771075635161
0.000697321485430763
0.000639387470539331
0.000637025688111517
0.000660103611968032
0.000812153221084584
0.00109751844441425
0.00141980135534334
0.00170008478931215
0.00189100064587357
0.00199341931734871
0.00203244287182486
0.00204197429346090
0.00204269363481833
3.48077893685334e-16
-7.25445476655878e-05
-0.000287372508134139
-0.000635289914182536
-0.00110317406635241
-0.00163061982203757
-0.00222696597447490
-0.00266962391154713
-0.00283068959910774
-0.00260864247088955
-0.00190518341633985
-0.00109549079725357
-0.000355793280690933
0.000500275767752831
0.00135967706245334
0.000820031050549371
0.000892704341817668
0.000849155346619537
0.000823363423677662
0.000690316796278519
0.000616663710909481
0.000657818970122509
0.000821069671605808
0.00110202347945892
0.00142819838896490
0.00171514100216515
0.00190650646484194
0.00201261593746552
0.00205412109381766
0.00206393087853754
0.00206467743731112
7.61872091300227e-15
-7.37737723766281e-05
-0.000292171071748446
-0.000646895549389873
-0.00112114406766251
-0.00167427762608347
-0.00223305688032845
-0.00286248793938336
-0.00285975458511238
-0.00265383160706410
-0.00177853233401035
-0.000132532514483714
0.000610768810537978
0.00110816518862729
0.000726086979280648
0.000825582283071204
0.000855574226370903
0.000805242201831060
0.000801025815468922
0.000749845376220658
0.000612198229925917
0.000657950832350845
0.000811052566040292
0.00110209448445879
0.00143711894270280
0.00172942582999962
0.00193645925011723
0.00203611523882493
0.00207867097179012
0.00208864077226915
0.00208937198988974
-2.31423874464189e-15
-7.50824841807693e-05
-0.000297476835135639
-0.000657706274863771
-0.00113981237583918
-0.00171453267421498
-0.00221959347892704
-0.00295096766597163
-0.00290795288332144
-0.00268357893517710
-0.00212544260522251
-0.00110700941614372
9.41741075976047e-05
0.00177356823806155
0.000781984903576006
0.000865023761838033
0.000850094583591609
0.000823237871337885
0.000785592159742617
0.000723651443069731
0.000674843908161926
0.000657109739193808
0.000809907114172606
0.00110825544244893
0.00144721644929210
0.00174958299293196
0.00195031402521525
0.00206223336353124
0.00210592865604273
0.00211620370611816
0.00211699224581650
-3.25023308193871e-16
-7.66069392271182e-05
-0.000303466524546713
-0.000671058972183730
-0.00115850724673270
-0.00175210607481768
-0.00235510847955777
-0.00278715513653049
-0.00307232153320961
-0.00263785510082450
-0.00220084364105186
-0.00109424240309518
-2.97530338734599e-06
0.000399253962257560
0.000894788698313679
0.000971606086749236
0.000893090578137972
0.000847442998880351
0.000783757022204321
0.000775694455876365
0.000632211187177914
0.000653142439243730
0.000818734203538977
0.00110835460299643
0.00145822870555084
0.00176845878202410
0.00197989475788815
0.00209203056987759
0.00213621999293172
0.00214685640097187
0.00214766623121612
-2.31593990373755e-15
-7.82547760079714e-05
-0.000309975281956910
-0.000685449760529459
-0.00118169365347841
-0.00176586031834397
-0.00241303583711388
-0.00285595919805702
-0.00303734285533192
-0.00269998621094041
-0.00193569119955050
-0.000955139411252096
-0.000732084633794150
0.000610483095373708
0.000705933079353732
0.000899124754407881
0.000897788711238633
0.000900035213617745
0.000833852239200725
0.000755534033699480
0.000642740430260882
0.000656557284035119
0.000808442571653284
0.00111287523062265
0.00147002257204842
0.00178806768976160
0.00200717503973483
0.00212283321156603
0.00216978036709453
0.00218073829312724
0.00218154687685608
8.60584556160823e-15
-8.01165020212188e-05
-0.000317344912529840
-0.000699711153919116
-0.00121490491874616
-0.00182061457339104
-0.00240753682958717
-0.00298459898230005
-0.00311117684349285
-0.00257715804461853
-0.00197251186713751
-0.00100070496911914
0.000358091887478927
0.000809381464484169
0.000742910771788204
0.000896788400463091
0.000903866125549401
0.000855726422628923
0.000737316405434948
0.000741662074487594
0.000670811998944866
0.000649549526928607
0.000810626371772878
0.00111523366826516
0.00148322160176453
0.00181080109078548
0.00203734683703378
0.00215832704301558
0.00220660358293608
0.00221801991629082
0.00221888354724515
1.94881523934902e-15
-8.20833020897334e-05
-0.000325149196555995
-0.000718968716198118
-0.00124306395991083
-0.00184340768229907
-0.00245606829371585
-0.00298126710636705
-0.00325695954532084
-0.00274034372472957
-0.00174163249633560
-8.19796623900521e-06
0.000583554089632734
0.000618465199594711
0.000885999868797256
0.000939381312533746
0.000891751197588746
0.000869337751542627
0.000803691861576362
0.000712095506983506
0.000671422221549907
0.000648334896227508
0.000802926495276810
0.00111716967946664
0.00149682316587365
0.00183622598834203
0.00207109402324636
0.00219679539709909
0.00224723385450473
0.00225898343129987
0.00225987607547453
7.01437211143099e-15
-8.43167225613468e-05
-0.000334023157243826
-0.000738985955368454
-0.00128235727894881
-0.00191196366694547
-0.00252470993261215
-0.00310266552878347
-0.00320153009850659
-0.00276742021714371
-0.00165684820819866
-0.000963362305179033
-0.000162237950158053
-0.000388683165749117
0.000776222591985754
0.00106347399768630
0.000936317382222699
0.000892420496031741
0.000881624886063317
0.000729179366653072
0.000670303065222704
0.000642899320632176
0.000797051758835082
0.00112051770319051
0.00151141390980601
0.00186515160567713
0.00210781973744138
0.00223896525673119
0.00229149514002703
0.00230387826575874
0.00230484023104785
-7.24246750913734e-15
-8.68032575963724e-05
-0.000343930855836034
-0.000760695766732858
-0.00131723649831890
-0.00193930166125824
-0.00263620768180138
-0.00315576317840844
-0.00326655079847114
-0.00283606149694148
-0.00202839543346617
-4.08343651913926e-05
0.000555661306255135
0.000458397805318328
0.00105741094270308
0.000944462179150039
0.000954415098011571
0.000925452515709707
0.000913501457360931
0.000717879159554295
0.000703704251270242
0.000641543532650144
0.000799686506155364
0.00112046036592924
0.00152669280936409
0.00189279955290398
0.00214781399952765
0.00228559718690720
0.00234010023304677
0.00235307385059788
0.00235406263486450
-5.15785511624861e-15
-8.93135329555766e-05
-0.000353864891821273
-0.000783091850588658
-0.00135456268370293
-0.00204513491031331
-0.00272175505374965
-0.00328034167006601
-0.00332445573767941
-0.00281087668432118
-0.00177055445126038
-0.000636336496378696
5.50221776718881e-05
0.000987316111785022
0.000860427178746354
0.000913794658340298
0.000949890991489139
0.000907571742250146
0.000850522887539355
0.000764180227203960
0.000710791907523850
0.000639302413908176
0.000793069665151699
0.00112062637673537
0.00154358485917907
0.00192436369761437
0.00219408192267631
0.00233515927199086
0.00239323826932930
0.00240688512790387
0.00240787588091766
-1.06031275866489e-14
-9.21986294245971e-05
-0.000365291700792087
-0.000808391767895609
-0.00139549713860340
-0.00207803655220151
-0.00281436588579862
-0.00329359602547917
-0.00346056138365880
-0.00297531271982912
-0.00191550560364499
-0.000406494384345497
-0.000168830802035285
0.000503413537508418
0.000716855768689880
0.000949698272393237
0.000954281300129655
0.000932116018078819
0.000872354238488578
0.000902726628160015
0.000641494780765353
0.000636971921150416
0.000788081839626070
0.00112834104023435
0.00156146638386920
0.00196340046097175
0.00223629071976111
0.00239206200236079
0.00245134978541173
0.00246555441246610
0.00246664244279298
8.53692029134600e-15
-9.54936832551525e-05
-0.000378252413430480
-0.000837625438024945
-0.00144462630032708
-0.00217745056606663
-0.00288606663439630
-0.00340168751904464
-0.00347599509881802
-0.00301689948566595
-0.00214775561652994
-0.00132183964334870
-0.000205854633052753
0.00112192174397866
0.000983894795226726
0.000959149717731427
0.000972404522275605
0.000955451190314272
0.000954318357224029
0.000873192315296899
0.000631785676080104
0.000636267278751033
0.000775703363971125
0.00112046869736728
0.00157927409199039
0.00199823556053009
0.00228550931646597
0.00245083219469181
0.00251463273022208
0.00252972843464775
0.00253083708376411
-6.54158130642279e-15
-9.88919744952972e-05
-0.000391950826510652
-0.000866627925327572
-0.00149419317692376
-0.00223058172138636
-0.00300133147981758
-0.00351132910482430
-0.00364631871149401
-0.00296550090535520
-0.00153037336569014
-0.000985297574872727
0.000326487904374829
0.00108187110628386
0.000891711858951568
0.000991645595781613
0.000967485821334810
0.000967309328013958
0.000860141859130087
0.000836358930920687
0.000744447339563311
0.000626126462998723
0.000772189723511316
0.00112293551250997
0.00159874145706192
0.00204237129523969
0.00234998006178688
0.00251620297673121
0.00258380109670600
0.00259970474439514
0.00260093627514036
1.19526254715466e-14
-0.000102603085927900
-0.000406700953797183
-0.000899713440405206
-0.00155492994929138
-0.00232338834860637
-0.00309439794436555
-0.00362762487978640
-0.00370499189300367
-0.00318223449488525
-0.00202755040295791
-0.000539144280156011
0.00100309509198740
0.000955520043729366
0.000955910332489870
0.000974792622825946
0.000981993409166945
0.000949585478994210
0.000898936299218596
0.000849815523989342
0.000674662617914344
0.000625819190297247
0.000754944447807252
0.00112576603283856
0.00161879218441425
0.00208105544428909
0.00241031275022550
0.00258817235164553
0.00265925720472551
0.00267624869449340
0.00267755142196588
1.11549849338869e-14
-0.000106702549097078
-0.000423015743863450
-0.000936324517295214
-0.00162361635832672
-0.00245403799379756
-0.00314982133579754
-0.00366273515920322
-0.00378520767758923
-0.00327581268550494
-0.00183909403887846
-0.000134018764115061
0.000429415038087236
0.000851818077158686
0.00102673055792360
0.00101122253751356
0.000999278805389303
0.000962607251431168
0.000909252959108864
0.000746236447201442
0.000689646767019473
0.000625652431776481
0.000752229922837044
0.00112964335694979
0.00163975026726962
0.00212677042707735
0.00247738929009895
0.00266672009119455
0.00274175994370916
0.00275990757254734
0.00276130116952723
-1.21545531188314e-17
-0.000111309272097824
-0.000441194670576957
-0.000975274332411233
-0.00168637203778976
-0.00248429265638859
-0.00330422884336123
-0.00390012029058496
-0.00388639258140428
-0.00315265242890793
-0.00192893216229029
-0.000317157364005961
0.000759155096718034
0.000853546910460348
0.000956841404586552
0.00103380058493506
0.00100249748935780
0.000985537315364909
0.00102048168831834
0.000839675075439769
0.000692744103070261
0.000619447691189419
0.000748511010517858
0.00113188887715023
0.00166139412355244
0.00217664408504310
0.00255392877906046
0.00275018088058522
0.00283209821837983
0.00285146596075949
0.00285290606167450
1.46515664814457e-14
-0.000116255076218838
-0.000460772286567098
-0.00101897724842819
-0.00175868868374144
-0.00262765425242770
-0.00340553479657808
-0.00409039988569012
-0.00399290188323531
-0.00326456586378939
-0.00171857837059923
-4.13911540956432e-05
0.000722009324003134
0.000793133234783679
0.000940700091288958
0.00104439367277443
0.000996937048270643
0.000952305918717603
0.000951285737523197
0.000779348054330003
0.000715020802866988
0.000602215151670307
0.000725588426464069
0.00111846664521129
0.00168364748262589
0.00222725624578649
0.00262149744714121
0.00284352308289426
0.00293082748284041
0.00295170894268713
0.00295325545367497
-4.79339065985888e-15
-0.000121716999076778
-0.000482542224082988
-0.00106834094291173
-0.00184786085293772
-0.00277530599850361
-0.00370548913139588
-0.00414638792188340
-0.00415027994768610
-0.00290201121706065
-0.000563728094208011
9.23798709443559e-05
0.000806036077612864
0.000871619122677052
0.00106153884681873
0.00105406959470971
0.00103185210198200
0.00101191806896856
0.000971821949535580
0.000855094195193871
0.000686646040804347
0.000587827573632517
0.000715408813733489
0.00111715704639563
0.00170691903195095
0.00229162755348282
0.00270255050289739
0.00294434142144222
0.00303934316710390
0.00306161748254430
0.00306325983512637
2.79150079777745e-15
-0.000127523498517282
-0.000505854492053700
-0.00111985005374764
-0.00193940435646133
-0.00286208507685944
-0.00378717529209803
-0.00433807957629556
-0.00427393826853463
-0.00324847981379320
-0.00207623750845619
-0.000367647700482535
0.000777179890435247
0.000994489571989016
0.00108507328774147
0.00107138531973773
0.00105636506801841
0.00102980868950971
0.000991138437115351
0.000896756027463808
0.000700667570003301
0.000645033306141550
0.000706860240775518
0.00111067303417497
0.00172942070281792
0.00235009213339865
0.00279720013344038
0.00305609944777319
0.00315822424747310
0.00318231238135230
0.00318412824767437
-3.91337143876876e-16
-0.000134131429535331
-0.000531816351153831
-0.00117731178505989
-0.00203439278030512
-0.00304674126912686
-0.00397719690853170
-0.00455382736452696
-0.00439465246110048
-0.00330561197320501
-0.00160767564286200
-0.000116263715331071
0.000739251020650629
0.00105606950283606
0.00110367191628250
0.00108750778663652
0.00106898883834550
0.00105024541689112
0.00101085432436489
0.000914434008786950
0.000747335466575344
0.000603562271784940
0.000685777415829324
0.00109927256811826
0.00175312485344002
0.00241786273114997
0.00291082324287646
0.00317717104808729
0.00328897253733123
0.00331514856433172
0.00331713266960863
8.12297511600082e-15
-0.000141269201333552
-0.000560276035315272
-0.00124081332615540
-0.00213783163708779
-0.00320343344444922
-0.00419411261396299
-0.00476162630403986
-0.00453491743009135
-0.00330384113076831
-0.00147141975249276
-2.51736144427694e-05
0.000813157032166659
0.00108838744669466
0.00112321070085137
0.00110354995984799
0.00108578776235667
0.00106818002269479
0.00103513947051800
0.000933553347262603
0.000760279879506816
0.000593990255796858
0.000666535894579775
0.00108438577301348
0.00177634734320522
0.00248627518187142
0.00301652007806567
0.00331359431004994
0.00343307788291170
0.00346166044680552
0.00346381809113018
4.52353837274474e-15
-0.000149167695047240
-0.000591700033341043
-0.00131196288195660
-0.00227132052285556
-0.00335234307973072
-0.00444218297170686
-0.00499646554324626
-0.00468097572842150
-0.00338520442009311
-0.00142503134109778
0.000134873440474068
0.000894290035424475
0.00112218062488680
0.00114260930389452
0.00112010040631427
0.00110324023989460
0.00108797039099273
0.00105389097140291
0.000953517290866416
0.000775970564124213
0.000595250963508440
0.000643629581760296
0.00107672977986713
0.00179945475517154
0.00256278744204722
0.00313806809999696
0.00346187154679938
0.00359237349897809
0.00362358654644081
0.00362595379374302
-2.17506986664200e-15
-0.000157712419682031
-0.000625896755949288
-0.00138816730262621
-0.00239033084231958
-0.00354062495376820
-0.00468091662616354
-0.00530589032322862
-0.00483115659273888
-0.00336269160134548
-0.00132433461178259
0.000187094476936335
0.000937522550664819
0.00115479660386610
0.00116207463512889
0.00113777223519618
0.00112055667440222
0.00110625008126289
0.00107397550443783
0.000983821873110868
0.000807923464795881
0.000599744217224873
0.000618113769943111
0.00105115546624916
0.00182199508825403
0.00264492773563472
0.00327139606147659
0.00362573209629317
0.00376887739110508
0.00380304833198030
0.00380566309098393
3.26718156799210e-15
-0.000167398802873184
-0.000664405570187595
-0.00147436355392790
-0.00255286971009715
-0.00377360105830367
-0.00486834567797195
-0.00547748806035122
-0.00498654708947690
-0.00338816373373754
-0.00129728256039042
0.000287107766038376
0.00101253512886159
0.00118731269275658
0.00118171449503099
0.00115572687683359
0.00113917953998497
0.00112670166066297
0.00110039576278455
0.00101295387633568
0.000806327742773015
0.000611560621030274
0.000594442105479331
0.00102809471863387
0.00184366599293658
0.00273332178887758
0.00341802305110129
0.00380737367399267
0.00396507640263308
0.00400260550906671
0.00400544375935993
1.11320923743164e-14
-0.000177949910458189
-0.000706447198227105
-0.00156437064221940
-0.00271382180764984
-0.00399217647567581
-0.00524453472035346
-0.00574637521124453
-0.00514993555165368
-0.00328406025049155
-0.00112708117371530
0.000454174475222125
0.00110590121607109
0.00121993547940647
0.00120225175660350
0.00117505483857531
0.00116016947875403
0.00114796692414780
0.00112183369759259
0.00103534731788958
0.000837515908840783
0.000603400197317802
0.000566154145252887
0.000998993017338498
0.00186394851542651
0.00282859742890658
0.00357957425095553
0.00400902514248358
0.00418336245082466
0.00422506496636072
0.00422828977847071
9.92070420423796e-15
-0.000189602293286004
-0.000752977417705574
-0.00167168483401248
-0.00288157783444946
-0.00427882389985930
-0.00559274317172265
-0.00611133047899644
-0.00531927090822673
-0.00323277678114519
-0.00100740399548926
0.000537094509984677
0.00115694317305877
0.00124797101057601
0.00122128737230766
0.00119601837437571
0.00118094422657610
0.00117009023836648
0.00114753704270471
0.00107218932029796
0.000876866040092536
0.000605674106522763
0.000537281178606155
0.000965873170837663
0.00188242200245891
0.00293142364311970
0.00375831582522027
0.00423417726151218
0.00442783078945101
0.00447427144079577
0.00447780512802506
-1.07790637884781e-14
-0.000202459507305254
-0.000804658364811677
-0.00178881243553122
-0.00310635702349489
-0.00457819820483884
-0.00578375558393130
-0.00638388803133155
-0.00546535730014291
-0.00322937987017674
-0.000859393138066462
0.000746753435513876
0.00122207467112460
0.00127417077820571
0.00124269180678997
0.00121655788962696
0.00120276835025747
0.00119433934658360
0.00117550968904376
0.00109521232305124
0.000902792623685193
0.000601481718391470
0.000506468906354257
0.000922604238914593
0.00189876162893835
0.00304268126020903
0.00395678753607937
0.00448639800013334
0.00470255926665812
0.00475435162620110
0.00475835176689208
-2.29287739942857e-15
-0.000216900843919742
-0.000862479473279968
-0.00191868810103248
-0.00332848494216374
-0.00487328717590933
-0.00630417298701859
-0.00677919342932367
-0.00562449175154135
-0.00301792607105546
-0.000640355442625751
0.000856449276849271
0.00126904631089363
0.00129972475058793
0.00126371197221582
0.00123870692667003
0.00122527480534947
0.00121823891483075
0.00120507952650123
0.00114454162139044
0.000961169346222930
0.000651381298409498
0.000472801639011520
0.000874452787290162
0.00191237047959496
0.00316333324048286
0.00417815072280342
0.00477039138681642
0.00501296378875733
0.00507093155123317
0.00507530692110387
1.00157837685805e-16
-0.000232781532553338
-0.000926395823150837
-0.00206165861646739
-0.00357511246003565
-0.00529189339422313
-0.00677231558199957
-0.00717096046569685
-0.00581452919730684
-0.00302400713994810
-0.000444234123581319
0.000965723669741430
0.00132131364709741
0.00132380741634841
0.00128420966995175
0.00126067002018709
0.00125009694030902
0.00124415075052179
0.00123152161608540
0.00117112502938937
0.000982814904066597
0.000656666213488461
0.000433741789469906
0.000829081270223077
0.00192290635053165
0.00329490018118782
0.00442604022711947
0.00509122627676646
0.00536454843167312
0.00543021210877579
0.00543526072285665
1.38628376586444e-14
-0.000250828976181599
-0.000998813109278676
-0.00222498119361480
-0.00383925572283280
-0.00573343729672128
-0.00714763197669682
-0.00757976168552757
-0.00594791033593470
-0.00274331846861106
-0.000168654046057657
0.00105130289471185
0.00136428974125226
0.00134725436328977
0.00130694771333289
0.00128417727552707
0.00127549288457343
0.00127193866224042
0.00126333429862711
0.00121394993951523
0.00100990252200844
0.000705102271395017
0.000419490042887128
0.000772270642500709
0.00192998406583673
0.00343926267763991
0.00470542912456279
0.00545644987777608
0.00576609444435799
0.00584078848663027
0.00584643264743317
-2.24688875456134e-14
-0.000271094549437375
-0.00108109268469281
-0.00241338605917212
-0.00416945833968653
-0.00616270885657095
-0.00787588473701600
-0.00801535755381055
-0.00603239903444949
-0.00253694779415109
-2.60203317963154e-06
0.00118772024718441
0.00140571806060880
0.00136841905084107
0.00132783013208203
0.00130933964405037
0.00130199899813071
0.00130151252519029
0.00129845503051463
0.00125959147423963
0.00107804233692645
0.000701892088224261
0.000396632717993227
0.000706747027942566
0.00193392465198518
0.00359875608460490
0.00502240480515196
0.00587469753659275
0.00622745097760771
0.00631268303807836
0.00631914296142746
-9.50155321449027e-15
-0.000294165159463728
-0.00117456724805827
-0.00262883150072114
-0.00457087684049764
-0.00680185620845589
-0.00853945954577979
-0.00850978593201767
-0.00618042234033803
-0.00240170957140814
0.000255089671756837
0.00130255126238482
0.00143617238475780
0.00138760990390439
0.00134970294296019
0.00133429945952383
0.00133056942010281
0.00133248482859682
0.00133383603167775
0.00130075817382261
0.00113841719165919
0.000714134338651149
0.000356609493725435
0.000645804921858038
0.00193512580069698
0.00377679749999856
0.00538480078713693
0.00635713427496433
0.00676141149194010
0.00685902016920007
0.00686641149705103
-5.04752379865176e-15
-0.000320738279136283
-0.00128220284358558
-0.00287515666623883
-0.00502317322089963
-0.00743286372634977
-0.00920807100920002
-0.00903282528899886
-0.00611784014131480
-0.00213671784607509
0.000474982646284899
0.00138553335366161
0.00146276901383324
0.00140573580963877
0.00137023617009644
0.00135968329625350
0.00136022659658199
0.00136657543774199
0.00137202449504746
0.00134699045122215
0.00120925833790311
0.000832560168469011
0.000321448423301298
0.000568268451962372
0.00193468097009162
0.00397768373190178
0.00580254408439757
0.00691806689878389
0.00738416748186697
0.00749633629264234
0.00750485621891363
1.09530226699515e-14
-0.000351848737246781
-0.00140997765217201
-0.00316731068191658
-0.00558888882560009
-0.00825751695663589
-0.0100663333355697
-0.00961308299165985
-0.00612065234217731
-0.00183840085053250
0.000698174455309563
0.00145656341090491
0.00148267085747148
0.00142078269272163
0.00139192127789795
0.00138659022564412
0.00139184286394071
0.00140356302127600
0.00141597361557275
0.00140879308937215
0.00128107798826743
0.000831265690829447
0.000354567469638993
0.000497345225439617
0.00193491226722524
0.00420782943492711
0.00628833623969458
0.00757520417363823
0.00811554131419730
0.00824607433269978
0.00825572869903558
1.07349344402514e-14
-0.000389124016216561
-0.00156212099861749
-0.00352091589070524
-0.00623115237073373
-0.00911245299510459
-0.0110121762596864
-0.0101961347276686
-0.00611047093678621
-0.00144394063417481
0.000995206018865807
0.00152935433701748
0.00149258266541540
0.00143300168148971
0.00141264776826521
0.00141278243000134
0.00142485540984086
0.00144333105109257
0.00146338693611374
0.00146710185075971
0.00137023586110541
0.000930141714118832
0.000403475275593980
0.000431387423777172
0.00193984448023756
0.00447605740558729
0.00685950253006639
0.00835232145665591
0.00898268844193453
0.00913480236129866
0.00914628083253031
3.84632823802509e-15
-0.000434450438214144
-0.00174771897615345
-0.00395261971804110
-0.00698529444846271
-0.0102736415280605
-0.0121567416075284
-0.0107950198752103
-0.00593818968832051
-0.00111770208234435
0.00117132639480034
0.00156139545782767
0.00149610672554497
0.00144269983865382
0.00142862754275070
0.00143819321459100
0.00145940530988723
0.00148660025597716
0.00151542857694370
0.00153173792983209
0.00145848040102675
0.00103488979146720
0.000411198047514923
0.000374415310595832
0.00195552536251230
0.00479377289326038
0.00753774491440592
0.00927948663454948
0.0100191773136122
0.0101984936708974
0.0102118989287359
1.20444045828453e-14
-0.000490616037747804
-0.00197827682126488
-0.00449157674280143
-0.00787407185078810
-0.0115412967731661
-0.0136874409978537
-0.0113531493315604
-0.00590795188002106
-0.000550167350663045
0.00138838055735517
0.00157445051894448
0.00148497976919412
0.00144381337995874
0.00144180547229654
0.00146118349351600
0.00149253670701017
0.00153078945250882
0.00157229547583465
0.00160292158005420
0.00153184459925721
0.00121924939860241
0.000486399655350817
0.000337287541619804
0.00199110783538024
0.00517847508705013
0.00835257380015830
0.0103966717939272
0.0112697518903979
0.0114823110727202
0.0114984267389971
1.87105148723658e-15
-0.000562471137237173
-0.00227240189387613
-0.00518119635373821
-0.00905544475466405
-0.0131421090210756
-0.0149475576229777
-0.0122268124298763
-0.00562162001249558
-0.000215923114317110
0.00151978843452921
0.00156328350470649
0.00147103638093714
0.00143619930034940
0.00144508071348195
0.00147678527128078
0.00152119003431491
0.00157435096224564
0.00163093240404456
0.00168050487797713
0.00165151586216112
0.00130721375616921
0.000566712995395283
0.000322339207817505
0.00205990508683281
0.00565323875981263
0.00934363634984326
0.0117557032514456
0.0127927516457414
0.0130461831598967
0.0130655764569069
-1.29688793436281e-15
-0.000655512435760997
-0.00265145808427310
-0.00603934576314285
-0.0105561634204672
-0.0150787190608160
-0.0168685540468680
-0.0122227008605208
-0.00489247407001610
0.000442265696063212
0.00157280131930566
0.00152702871462992
0.00143313253707313
0.00141207112050592
0.00143558049813252
0.00148103885105915
0.00154163898751592
0.00161104397425275
0.00168619981844994
0.00175865644650342
0.00176501020711203
0.00151402079547969
0.000738575954834172
0.000353504033753445
0.00218104451664497
0.00625186437968900
0.0105639325117937
0.0134259160083093
0.0146647626932707
0.0149684937751151
0.0149914929604058
1.26228321539525e-14
-0.000776961296097982
-0.00314210305362658
-0.00715974631274611
-0.0124167703123325
-0.0174293998173677
-0.0185866064075844
-0.0127373652654070
-0.00413240989767350
0.000743077128889957
0.00160043370870457
0.00146224913559313
0.00137613342242552
0.00136769232230920
0.00140230086033193
0.00146296549954053
0.00154106979926711
0.00163029076860678
0.00172766918805293
0.00182327968537641
0.00189369103901384
0.00156457949723142
0.000886251411708192
0.000434191912177952
0.00238160450226811
0.00702149318062848
0.0120860692793893
0.0154985567386301
0.0169865467274270
0.0173507173827381
0.0173779880701183
-1.05000725854801e-14
-0.000937570706129221
-0.00379085039117501
-0.00860361304814542
-0.0148201393344738
-0.0207217858102553
-0.0207050914748921
-0.0127608446784679
-0.00328210309950916
0.00119944296584532
0.00155186686376818
0.00136858487242410
0.00129051538584015
0.00129192925429263
0.00133638618075910
0.00140857722579904
0.00150330158218469
0.00161260121119368
0.00173579807736571
0.00186522630057814
0.00197237471119392
0.00184159915097589
0.00106879087083399
0.000556809133453469
0.00269453489784644
0.00803263463626795
0.0140083366753895
0.0180921169669277
0.0198838221427921
0.0203237447249110
0.0203579716055172
-2.27136268303973e-14
-0.00114923974804309
-0.00463318263709628
-0.0104648577768130
-0.0180229036353277
-0.0239358254820698
-0.0226254862599637
-0.0122865640303444
-0.00215341118695220
0.00143662085988757
0.00145997415052498
0.00125196738639402
0.00117111645622054
0.00117237782259159
0.00122038570770198
0.00130010734766465
0.00140461255640832
0.00153229916799379
0.00167968561683328
0.00183995027076510
0.00199326101497209
0.00189083729519827
0.00130389530400307
0.000713566334014669
0.00316537682205220
0.00938293933813108
0.0164687468718393
0.0213660266405696
0.0235272988343889
0.0240592641448049
0.0240996428301298
7.30332957582765e-15
-0.00142621982293036
-0.00573796970254009
-0.0128891177894143
-0.0217610261779901
-0.0278302223818166
-0.0243758779568659
-0.0109910050428651
-0.000907334687756517
0.00155877645952686
0.00133845968315589
0.00110933862704124
0.00101788455637896
0.00100637885905026
0.00104163440061830
0.00111401808177732
0.00121613406800724
0.00135012634284207
0.00151231563204018
0.00170193549193529
0.00189770921361141
0.00191070052867647
0.00128666767120599
0.000891197195827759
0.00384327677347926
0.0112138750441646
0.0196500247646153
0.0255173475246187
0.0281161387729809
0.0287587483576861
0.0288074393399497
-1.21676517861376e-15
-0.00178710089828512
-0.00715928804498132
-0.0159296387627211
-0.0263270520580491
-0.0323294099551792
-0.0255276327359583
-0.00996485954704696
0.000271686342263543
0.00160986004779070
0.00119078384333030
0.000945687562244268
0.000831989389325399
0.000791315423767013
0.000791685922193652
0.000829292378189359
0.000904577486628362
0.00101929560329624
0.00117605065805962
0.00137560806076566
0.00160756680707859
0.00172182979692947
0.00127982854906784
0.00100008325660250
0.00478344876972016
0.0137162302310905
0.0237916585772927
0.0307808009898733
0.0338792670517425
0.0346429492609686
0.0347003992880980
-6.29855551076525e-15
-0.00225331129781870
-0.00898755111594027
-0.0198093300670171
-0.0323448795892381
-0.0373410864881527
-0.0256966920958139
-0.00686354233713998
0.00121410225890621
0.00159645519967410
0.00107728458032717
0.000804255309497130
0.000644308046048313
0.000542753013263383
0.000476417064203025
0.000443521196675081
0.000447998930028283
0.000497974629513364
0.000602495594760658
0.000768406328354571
0.000999878557168025
0.00118058533674576
0.000834301804704394
0.000942500097034372
0.00602148634600154
0.0171378167014913
0.0291700039346138
0.0373726250642780
0.0409909230532739
0.0418793113477009
0.0419467731564786
1.16971550740049e-14
-0.00285861566127376
-0.0113354251804216
-0.0246617471427185
-0.0385257184259188
-0.0421087009957400
-0.0246376136868830
-0.00467904327070998
0.00203257152858631
0.00161666570120756
0.00105152237486722
0.000728643994210909
0.000496318246026412
0.000303204293288350
0.000129098640868400
-2.41082761521248e-05
-0.000152352025886616
-0.000231704926766954
-0.000250980417206450
-0.000193580519445200
-5.58002760943312e-05
6.89800207144845e-05
-0.000173104280923305
0.000342256155653243
0.00757068994092052
0.0217600206765748
0.0360289582549700
0.0453705110665948
0.0494258407566300
0.0504211153725976
0.0504966350798413
4.66140551583054e-15
-0.00363687402975447
-0.0143503916516201
-0.0308283696754027
-0.0464403050324065
-0.0463678954029367
-0.0211246337772530
-0.000779456631943470
0.00263042903112434
0.00175965144718271
0.00117235278655094
0.000785182837119115
0.000455493152843398
0.000135025443999400
-0.000190119520380589
-0.000517783507090323
-0.000835881316742513
-0.00112976578219510
-0.00137487059533260
-0.00154416518821830
-0.00161655480399831
-0.00164149847860623
-0.00205159203675800
-0.000942760506347458
0.00942586068890190
0.0278395877220762
0.0444066624583962
0.0544508267890954
0.0586642171757738
0.0596843026857078
0.0597621375032111
-9.94523232262330e-15
-0.00465572910805657
-0.0182925784864963
-0.0387442051382500
-0.0561548326365052
-0.0495287831503721
-0.0170478414950065
0.00247289659154723
0.00320690533148282
0.00216645747486836
0.00152405551247273
0.00105511597676145
0.000596956500890409
0.000117925508428490
-0.000395727847933469
-0.000941622759568431
-0.00151288632408210
-0.00208602083062220
-0.00264475904609478
-0.00317339816087602
-0.00361355442602544
-0.00401946598881731
-0.00473077910184513
-0.00313496820423259
0.0116286330560937
0.0354919860182786
0.0537967799813444
0.0634489745019499
0.0672091852381419
0.0680951339091221
0.0681616688413362
1.47130572787749e-14
-0.00601590246112531
-0.0235046752100011
-0.0489076042352645
-0.0667497073383228
-0.0504187236141499
-0.0103652659700065
0.00438457364574034
0.00394903597271116
0.00287415491278130
0.00218867211266729
0.00159417236135433
0.000979872773649007
0.000311971214907973
-0.000417332559785537
-0.00120371581553758
-0.00204402278353733
-0.00292943591417571
-0.00385429207967400
-0.00479946031554744
-0.00574595684717207
-0.00670058966317632
-0.00801010434388497
-0.00634366585262536
0.0144055556097106
0.0445499032779595
0.0628028373462043
0.0700314706258888
0.0723179767513290
0.0728149529970209
0.0728518358780389
-1.00106851029295e-14
-0.00790910629277376
-0.0307042763626562
-0.0628247245860309
-0.0796728336379022
-0.0467075942888713
-0.00194802638516533
0.00679743481671806
0.00510979320315811
0.00400921279998555
0.00322135057651848
0.00244423035099623
0.00162142708690611
0.000729287169102626
-0.000223357999497845
-0.00124368483261286
-0.00232769407842848
-0.00349124134833018
-0.00474045053126024
-0.00607893931178834
-0.00751921681760992
-0.00905556931138511
-0.0113183868336334
-0.0100127832913197
0.0182261960586102
0.0544833523215621
0.0691539505298121
0.0710122123505112
0.0705033170814182
0.0702817298244748
0.0702628306945064
-1.82604428673327e-14
-0.0106413153486261
-0.0410691921570165
-0.0811801575499001
-0.0920326166635311
-0.0389739254347272
0.00572696196539146
0.00892739952404217
0.00685259877766271
0.00563443467354003
0.00460119573777079
0.00354862079026236
0.00244601269612755
0.00130666247397819
0.000140784652458414
-0.00106628416822103
-0.00233527848609841
-0.00367811214755989
-0.00512295959925455
-0.00671980958365556
-0.00847877710683046
-0.0104393899191260
-0.0132286859925839
-0.0136096738045533
0.0235543346236842
0.0645825036011311
0.0705514291398127
0.0636851866010168
0.0590825812822049
0.0578400740216486
0.0577431753449472
4.43981562013660e-15
-0.0147997221665944
-0.0565794845421226
-0.108300329176609
-0.103029817579975
-0.0213432248504848
0.0144602920368924
0.0114296401421382
0.00932050993522261
0.00773522021356271
0.00625167975840252
0.00475882296892804
0.00330548989327764
0.00190436531843155
0.000548181988798133
-0.000778231866871654
-0.00210659883341467
-0.00350885265833651
-0.00500468139670090
-0.00664281579984026
-0.00846125910611721
-0.0104840312694920
-0.0134950481085364
-0.0167948113871414
0.0304850997845146
0.0745881427327065
0.0660265416545534
0.0474600360530501
0.0377956723935845
0.0353332699553175
0.0351424223005990
-3.28613359828432e-14
-0.0214552135923680
-0.0809154587897960
-0.144057990815922
-0.104451115374931
0.00132084289503962
0.0196921952794110
0.0153013586865770
0.0125107944359819
0.0101064815085952
0.00786471684632525
0.00580072854239861
0.00396018629667848
0.00233264185917506
0.000889783591825668
-0.000453020981287810
-0.00175421390160113
-0.00308592814099311
-0.00449910998095817
-0.00601906252257494
-0.00767179078139381
-0.00944663110792917
-0.0120433843281015
-0.0201178370617682
0.0388549005909098
0.0854982350275349
0.0565053652718841
0.0239484422592849
0.00870230883048113
0.00490417704833054
0.00461437908558106
7.01278937694430e-15
-0.0328849099699734
-0.121645531541319
-0.192951663656446
-0.0894446318324161
0.0261790879357354
0.0259669462884332
0.0203173680341481
0.0160547689891161
0.0122386876499609
0.00897366149921369
0.00630725563123976
0.00417592596310705
0.00246629577763531
0.00104572600661394
-0.000205626066176201
-0.00138068221031735
-0.00254514805150767
-0.00377920571631377
-0.00509706654098313
-0.00650746078656480
-0.00793881729333522
-0.00957897966972415
-0.0242387000411620
0.0491448151692612
0.0994462198328731
0.0433420614999597
-0.00444347133310138
-0.0251808891776328
-0.0302244054972098
-0.0306087325550887
-1.34672897948122e-14
-0.0541976151341318
-0.193585348868928
-0.252006240934146
-0.0280517618731059
0.0477067803379246
0.0348743145881099
0.0260151634870010
0.0188275511025423
0.0132092837760196
0.00903897956602727
0.00605064753576369
0.00386834713898702
0.00226193811074391
0.00100318670976953
-5.68983833021151e-05
-0.00102099276984972
-0.00197712814308431
-0.00297976279540018
-0.00407212566877194
-0.00529745537057963
-0.00654678042469756
-0.00776012098706334
-0.0300510064553751
0.0639195925522079
0.117361317489825
0.0253512340862984
-0.0355467731340134
-0.0596666504721649
-0.0653590670854082
-0.0657965325062265
4.08135104151216e-15
-0.0992813856207850
-0.330477592453025
-0.279983865457194
0.0565482136054455
0.0660732190793629
0.0444554824365508
0.0294836283214185
0.0190740187174980
0.0122405393881376
0.00785257422464587
0.00501191382946280
0.00313461123189585
0.00180999266756067
0.000819941289392360
1.23474128966702e-05
-0.000709134919018561
-0.00141652327150204
-0.00217335633137175
-0.00303638984640370
-0.00408012110897417
-0.00537839308371946
-0.00684063531067818
-0.0323224168004304
0.0914185283992124
0.133714208758632
-0.00394579992413373
-0.0667095803611072
-0.0876041475350997
-0.0922480352647920
-0.0925937945645610
2.13217520368451e-13
-0.206779716248616
-0.596579074895099
-0.147798457148510
0.143234253663891
0.0826380474207449
0.0477485269669926
0.0272306658566153
0.0157863588711276
0.00941272073041206
0.00575774150525134
0.00356108447008406
0.00219033546182723
0.00125446006421301
0.000575080250076554
2.91449822320736e-05
-0.000453635076351152
-0.000926999994556430
-0.00144206918784922
-0.00204866118746696
-0.00286476763150271
-0.00415661348821706
-0.00649979017251575
-0.0262499029723394
0.155159866013948
0.122073286142543
-0.0506726602366091
-0.0893570872901425
-0.0973450920034481
-0.0987680859375272
-0.0988722196437625
1.20944548699319e-13
-0.563414488242759
-0.955998668845130
0.265582510336881
0.177744232113847
0.0795607855241903
0.0376913138363343
0.0188874682653496
0.0101834929251566
0.00583143873109452
0.00346686316729229
0.00212240429095925
0.00128846002285345
0.000737188928226245
0.000337373239324281
2.17706729783002e-05
-0.000256574581550550
-0.000528253946551841
-0.000826840518850487
-0.00118380717283016
-0.00170802078560057
-0.00267306723818267
-0.00513097376112174
-0.0186718547080085
0.351936492482881
0.0109721508866113
-0.0918995423137343
-0.0829792055420615
-0.0769942096667234
-0.0755381439453928
-0.0754179101798534
2.54209664423883e-13
-2.12892237917871
-0.0773220353549457
0.453251832650772
0.130780011588715
0.0465638249751060
0.0194300574150186
0.00920416209656261
0.00479295868234764
0.00268778748566370
0.00158523588220322
0.000957932362549526
0.000580013977779068
0.000331834572991891
0.000152354774047190
1.09526523450325e-05
-0.000114201322397670
-0.000235947547957251
-0.000368481190731629
-0.000535975213438208
-0.000778859690643285
-0.00126874474659090
-0.00269441193731809
-0.00855686153667707
1.06032891512992
-0.134300839439332
-0.0722448061559834
-0.0465858609000661
-0.0395008257941105
-0.0380319596904000
-0.0379168491033585
-4.67356156452896
-2.94219649710545
1.07921793366535
0.226511176138680
0.0558591141429314
0.0185717056228130
0.00749138594663631
0.00351353065753736
0.00181065636547914
0.00101040225786873
0.000594656489363270
0.000361337584614654
0.000218544920043150
0.000124510579644658
5.72170496983954e-05
4.13549456817157e-06
-4.25257631923341e-05
-8.85414986163446e-05
-0.000138194610822215
-0.000200168865299558
-0.000293655120484521
-0.000478301103128225
-0.00104450803934591
-0.00294662333061899
2.18756089420211
-0.0916649074558394
-0.0306064328309736
-0.0181296503144067
-0.0150809705288618
-0.0144710097468438
-0.0144335785961315
-6.24375000000035
-2.95270750237659
1.26781793656476
0.164029937762147
0.0383282759571431
0.0125413747511519
0.00500310498517297
0.00234125381723465
0.00121001097295323
0.000671982577149000
0.000396424014954250
0.000241299868554253
0.000145363357163190
8.29527317105346e-05
3.81071483653483e-05
2.77306628902191e-06
-2.82119590027352e-05
-5.92344506848130e-05
-9.19643652445199e-05
-0.000132565340725057
-0.000195873621629673
-0.000318427896823231
-0.000702618732473181
-0.00183748485395748
2.46305538622985
-0.0727625107496762
-0.0210175731806123
-0.0121533724621327
-0.0100650358317718
-0.00965049027468312
-0.00963360825912232