-0.558734680071559
-0.557248974999137
-0.550221934384023
-0.538339838903495
-0.520840355411300
-0.495845651314697
-0.460090800572388
-0.409644783944120
-0.340634427116721
-0.256051915041678
-0.166376995028614
-0.0894597461137698
-0.0344075241894091
-0.00288946199177957
0.00964842660908674
0.0125029599899457
0.0132541709577527
0.0143350801283629
0.0182208563573049
0.0266200848985632
0.0398114351472347
0.0550171398242543
0.0669613850458114
0.0708441669006321
0.0651773775478939
0.0523205406103617
0.0364512044469123
0.0214072971757052
0.00969123627390225
0.00243727228741826
0.000892064991548758
-0.558833493771061
-0.557347548586261
-0.550318929063562
-0.538438206044465
-0.520930158256171
-0.495921546179518
-0.460151891836141
-0.409624628378488
-0.340624037096824
-0.255923840572538
-0.166446069918149
-0.0891429589356160
-0.0344120379041327
-0.00262955378397413
0.0102409074800970
0.0125044722513910
0.0132421698619305
0.0143408450988882
0.0181814232430100
0.0265702226704849
0.0397970654483652
0.0550159029622707
0.0669915952639070
0.0708884474135446
0.0652151787546293
0.0523439242727636
0.0364733821861518
0.0214200984201750
0.00969789579147536
0.00243891507660845
0.000892767729439306
-0.559130064194140
-0.557643362187278
-0.550611010029809
-0.538722165796929
-0.521216477786997
-0.496177846678563
-0.460311648779762
-0.409602972442922
-0.340624695837979
-0.255870698814918
-0.166757442129395
-0.0881941248653725
-0.0339982010821028
-0.00261602787340717
0.0104577577928499
0.0125088748768096
0.0132287973731390
0.0143581284005865
0.0180078867770271
0.0266000422520808
0.0397645435992246
0.0550361095575868
0.0670516336236159
0.0709921413072634
0.0653294707646133
0.0524303196796576
0.0365299523594357
0.0214593229347649
0.00971738538033266
0.00244386158793916
0.000894932627777189
-0.559625564299563
-0.558137239335294
-0.551097337296161
-0.539194727435971
-0.521648930016324
-0.496620766205954
-0.460853663877163
-0.409719113632043
-0.340669519741067
-0.256000941521664
-0.166190028739207
-0.0876805147498608
-0.0329596358985351
-0.00159474700986891
0.0101759777711038
0.0124948961700066
0.0132281225313314
0.0143026195112441
0.0181841518326131
0.0265035846158801
0.0398183791188566
0.0550992024236582
0.0671943194024148
0.0711701514205736
0.0655209178312414
0.0526147542215502
0.0366640729605087
0.0215332833398275
0.00975083999900753
0.00245249993708950
0.000897830247050032
-0.560321091310421
-0.558830648172073
-0.551780370107358
-0.539861717784247
-0.522289491128445
-0.497153700937439
-0.461099794140679
-0.410341834310602
-0.341042550964463
-0.255930891972908
-0.166354632635850
-0.0876087379371315
-0.0318223463424155
0.000207568865956850
0.00958096329260075
0.0124216594603764
0.0132391612040231
0.0142440823142337
0.0181979277679136
0.0264156814094406
0.0398337386579908
0.0551442062141267
0.0673970767901729
0.0714140875643751
0.0657864303892853
0.0528379018300494
0.0368402764952204
0.0216394968360480
0.00979932475809101
0.00246451819644204
0.000902396672149754
-0.561219522578529
-0.559726078710607
-0.552662384873201
-0.540716331871275
-0.523112231303846
-0.497973009533355
-0.461724052412656
-0.410284930647796
-0.341053820051950
-0.255474690172320
-0.164511537279353
-0.0852544939482404
-0.0297766797334499
-0.00170593789737087
0.00952591760403981
0.0125323192498303
0.0132444204648844
0.0142805226162292
0.0182390229435864
0.0265175641335067
0.0397475606503338
0.0552172183139697
0.0675285994201566
0.0717240103880015
0.0661303655045947
0.0531630927400308
0.0370654298040898
0.0217812707741936
0.00986187401711278
0.00248034629708033
0.000907799815414725
-0.562321754349480
-0.560825138357173
-0.553745228499286
-0.541769802330002
-0.524151060475715
-0.498875234882146
-0.462380049599133
-0.411074074325929
-0.340701235334324
-0.254921589604782
-0.164463860418802
-0.0828168397207410
-0.0299730813815940
-0.00328259548120870
0.0107277755244124
0.0129460558771738
0.0131882396682617
0.0142694072369464
0.0181960360038779
0.0263759399575421
0.0397075454811234
0.0553064550859101
0.0678317191485222
0.0720904986707693
0.0665561959206426
0.0535014214740533
0.0373424996156794
0.0219410543358509
0.00993712110208168
0.00249933882317801
0.000915221463168616
-0.563631364938019
-0.562130845588007
-0.555032363343513
-0.543024668019991
-0.525300853861343
-0.499855693767355
-0.463278188346639
-0.411599833465846
-0.341022652511198
-0.254588325300517
-0.162816811037983
-0.0840166953456394
-0.0303926882004809
0.000223421294294815
0.0108280166672488
0.0127818733966048
0.0132016714907013
0.0142152955816281
0.0179864125237526
0.0264861774637073
0.0395915222851962
0.0554213792092365
0.0681626439495817
0.0725443694613302
0.0670602097723189
0.0539794596720093
0.0376579179709449
0.0221442173475305
0.0100297823550350
0.00252249073495114
0.000923528625198909
-0.565150985304367
-0.563645608942656
-0.556524256029706
-0.544473137384400
-0.526674183233593
-0.501093788607562
-0.464286289360421
-0.412221449493058
-0.340777949623026
-0.253905150597482
-0.162921526748811
-0.0843511441932549
-0.0305450008320481
-0.00105645872447062
0.0100137004108269
0.0127279496871219
0.0131943821769861
0.0142416314339468
0.0180650551871256
0.0261684938835828
0.0396665751297741
0.0555407309850688
0.0684846583123477
0.0730740030373188
0.0676476132899843
0.0545153325831827
0.0380671968682260
0.0223762588536258
0.0101349941573439
0.00254928858091874
0.000933356869808171
-0.566883954534183
-0.565373297391395
-0.558226594037048
-0.546134071667006
-0.528277600847551
-0.502606607602822
-0.465578731555962
-0.412590633021620
-0.340735900685770
-0.253202903441135
-0.161039478309166
-0.0829429185758131
-0.0297327668270882
-0.000114992188339473
0.0112164319449560
0.0129235830655593
0.0131375239215813
0.0140257993722852
0.0178323089791421
0.0261445302999683
0.0396334698444883
0.0556841041712840
0.0688612177301797
0.0736899439787059
0.0683221912983281
0.0551038461211412
0.0385034880943991
0.0226490660645144
0.0102583211865052
0.00258031400602161
0.000944492222848538
-0.568836652176233
-0.567320203509784
-0.560145170518113
-0.547995197640278
-0.530041091097610
-0.504147596657942
-0.466788970662691
-0.413336635915356
-0.340679239642207
-0.252346575426291
-0.160042795594999
-0.0816278630533080
-0.0285897550571159
0.000180323941271286
0.0117352844725628
0.0129145956595889
0.0130662502286368
0.0140854279285607
0.0177983586432348
0.0261089030481158
0.0394795855245310
0.0558215688128059
0.0693134297950648
0.0743705194203262
0.0690846352945681
0.0557984780694465
0.0390108601336502
0.0229477034398854
0.0103969461569789
0.00261524102809963
0.000957659153888474
-0.571015107154353
-0.569492124400660
-0.562285925665036
-0.550084643950517
-0.532028338782179
-0.506019933576904
-0.468272502192430
-0.414497128021572
-0.340813410277706
-0.251376473058129
-0.158153125045534
-0.0776839645449346
-0.0252321766924851
0.00173706767748380
0.0114355945330879
0.0129712161484845
0.0130040297990896
0.0139622214134496
0.0176675637773449
0.0259762508531322
0.0394656965733414
0.0559881080445926
0.0698039278613883
0.0751151406779988
0.0699407280731861
0.0565754368435683
0.0395562315369090
0.0232922758457559
0.0105544998350458
0.00265483657761681
0.000972039975700199
-0.573424799893340
-0.571894376246089
-0.564652720812735
-0.552379453856335
-0.534211858502152
-0.507970989169712
-0.469734472988489
-0.415219008620594
-0.340787226582741
-0.250325814252897
-0.156788550343741
-0.0750442122063214
-0.0225364073892216
0.00215357970448577
0.0110187771025135
0.0131500383842239
0.0129655006532362
0.0138529442861711
0.0175718601297820
0.0257556094997925
0.0393614310413927
0.0561508238276767
0.0702939819770483
0.0759453494522606
0.0708914841463021
0.0574288547260920
0.0402055109786123
0.0236727123530745
0.0107292051976594
0.00269886633593775
0.000988302506040880
-0.576071714894997
-0.574533464354185
-0.567254533693005
-0.554913568897313
-0.536584078555719
-0.510183743505979
-0.471501663865536
-0.415793181360359
-0.340709464988059
-0.249064702980750
-0.154215297289998
-0.0755185995428117
-0.0232355861975607
0.00176644255621214
0.0116051054643443
0.0131844139716005
0.0129861550074172
0.0138824084649947
0.0174083852491714
0.0256299119684306
0.0392450346096239
0.0563343158659190
0.0709196060737912
0.0768809218711925
0.0719418346128801
0.0583800304757530
0.0408915278211048
0.0241034052880553
0.0109247532173395
0.00274824400160455
0.00100594952078595
-0.578963329337878
-0.577416596046463
-0.570096512031620
-0.557677170899906
-0.539238427982467
-0.512540250967424
-0.473546761998705
-0.416932278317142
-0.340655317737348
-0.247900109092340
-0.153190243393155
-0.0739202338919571
-0.0209608032495281
0.00430104092390103
0.0114757548638906
0.0131422195799481
0.0129988867695363
0.0137830599592021
0.0173098496975108
0.0253933707573632
0.0391622185011485
0.0565204348946125
0.0715407151738119
0.0778850105189415
0.0730981348675249
0.0594087688657496
0.0416993329987153
0.0245733412821900
0.0111382864309632
0.00280233179921971
0.00102590907713812
-0.582108934569685
-0.580552402334792
-0.573185528052309
-0.560681605932024
-0.542096653195941
-0.514970611416105
-0.475317218931441
-0.417948483358664
-0.340213885788188
-0.246448585626524
-0.150201126660313
-0.0706126032058809
-0.0198047888753667
0.00455341421919552
0.0127259581330073
0.0132258733723710
0.0129573621368223
0.0137188536322137
0.0170719362275859
0.0249888066124195
0.0390563668848468
0.0567017184639056
0.0722300661391735
0.0789717851984556
0.0743621619681486
0.0605753257951237
0.0425165842381931
0.0250926520138878
0.0113767489705686
0.00286226854830796
0.00104763398675301
-0.585516498199795
-0.583949656969029
-0.576533921750954
-0.563942297767687
-0.545206445658178
-0.517766515148678
-0.477675224051320
-0.419213949195537
-0.340237471145089
-0.244755905921155
-0.147475997458598
-0.0676934788591241
-0.0184642314954159
0.00427231787148802
0.0121372474296278
0.0133804177888290
0.0127850661926717
0.0135664773165765
0.0167770538768310
0.0248022314194690
0.0388621172459966
0.0568882561104106
0.0729164906942581
0.0801638675566831
0.0757436068099240
0.0618395123534242
0.0434610236620480
0.0256543610526940
0.0116359975472385
0.00292796170462304
0.00107182063984732
-0.589196475341266
-0.587619338755845
-0.580153606938736
-0.567461733997206
-0.548510975829837
-0.520737406837566
-0.479931305917082
-0.420708381312236
-0.339842500668768
-0.243032929482749
-0.144713775585857
-0.0655659371769374
-0.0187378725810424
0.00770477428336342
0.0125088197820494
0.0133384701964916
0.0128473452447164
0.0135550131549078
0.0168662060334884
0.0245543768273842
0.0387558764096407
0.0570707055557292
0.0736154297413676
0.0814508539339586
0.0772462932637801
0.0632154312138193
0.0444897723386824
0.0262812434204474
0.0119234462396394
0.00300018316085165
0.00109828517562313
-0.593162267186334
-0.591573405005329
-0.584050075500783
-0.571256169876917
-0.552118314211498
-0.523978868792757
-0.482284962981213
-0.422259368364659
-0.339522462351646
-0.240626473448063
-0.140703434538589
-0.0613324485939192
-0.0152465610311327
0.00714482071034288
0.0135870341005050
0.0131458301898071
0.0128177532006292
0.0134045780949553
0.0164086361849519
0.0243795384411524
0.0384540575993159
0.0572484086819914
0.0744755992776247
0.0828162234696008
0.0788795741607435
0.0647167673543373
0.0456364197849718
0.0269704955854767
0.0122363510580693
0.00307896601275715
0.00112744230454649
-0.597424735346821
-0.595823302879018
-0.588240268177497
-0.575334255415388
-0.555987334734291
-0.527429594459376
-0.484977136602154
-0.423296699801212
-0.339101320402003
-0.238606147127452
-0.138794483625117
-0.0602159295439525
-0.0144964564454595
0.00797183087870043
0.0139934971096514
0.0131968824566359
0.0127477824898616
0.0132465312533697
0.0164476640300937
0.0241025234831250
0.0382998113071532
0.0574340738646154
0.0753373290480825
0.0843144762850255
0.0806448791545862
0.0663284158843787
0.0468204230233622
0.0277166360864278
0.0125794196398351
0.00316546680082876
0.00115893544478765
-0.601994527816277
-0.600379837552904
-0.592733414668655
-0.579706214356552
-0.560165181719633
-0.531081084818292
-0.487858834024888
-0.424593302876689
-0.338493434481209
-0.236196466132362
-0.135851459628667
-0.0575144935018093
-0.0109557072023893
0.00763111778704225
0.0134362414903186
0.0134996785339640
0.0127185691965766
0.0132556181259230
0.0161937517428077
0.0237812237373643
0.0378773030165147
0.0575949824221823
0.0762147388693312
0.0859000143007235
0.0825616584713704
0.0681201301853663
0.0481934713971715
0.0285278656133684
0.0129544943371608
0.00325995982258104
0.00119345642968582
-0.606889509199646
-0.605260686258032
-0.597545739383103
-0.584390499295423
-0.564583422932379
-0.535103882331950
-0.490996923068411
-0.425940144909802
-0.337890612729613
-0.233246255335541
-0.130844460084220
-0.0528499004241201
-0.00852569030472684
0.0101343542342061
0.0138133859783668
0.0132718850169762
0.0125814523932935
0.0130101350247676
0.0158331558091132
0.0232312587360035
0.0377666002890165
0.0577426504499303
0.0770676747678805
0.0875841672867186
0.0846308270486502
0.0700326327681871
0.0496602488709397
0.0294134142437587
0.0133629545933095
0.00336303148412028
0.00123119848306426
-0.612126689950773
-0.610483260597394
-0.602696521485659
-0.589406123226167
-0.569352955807050
-0.539364804781558
-0.493924000350329
-0.427636604077829
-0.337037131930292
-0.230263685916047
-0.128148803153061
-0.0498651720961083
-0.00663041356963919
0.0110166580392344
0.0140880758023699
0.0132440952418885
0.0126441884135457
0.0130321475561006
0.0156213109362363
0.0230134109421389
0.0373480113753920
0.0578712426260801
0.0781107662919755
0.0894161388267660
0.0868668436010507
0.0721746087888076
0.0512374329772386
0.0303854250314715
0.0138087375088214
0.00347540495718289
0.00127283820960308
-0.617723207079248
-0.616064282454629
-0.608203320633603
-0.594763482364432
-0.574399707573874
-0.543909733943993
-0.497522418780225
-0.428945227530911
-0.336032278738630
-0.226515919924345
-0.123278487541708
-0.0464913278634131
-0.00381362439234991
0.0105975599530456
0.0140102202945405
0.0132437470236709
0.0125028034093754
0.0129085796634510
0.0155316868357506
0.0223486497275412
0.0371355582474179
0.0579651643422669
0.0791287419127362
0.0913661697571959
0.0892808023810933
0.0744217122734226
0.0529879451578724
0.0314542824939057
0.0142952625905563
0.00359863852215645
0.00131762034770190
-0.623694972233724
-0.622019261921634
-0.614077036511491
-0.600498368440309
-0.579777806257485
-0.548678340628281
-0.501267630268235
-0.431072628403652
-0.334656696373573
-0.222711865486489
-0.118686470533870
-0.0413250182496346
-0.00239911625616947
0.0121106838663252
0.0141831147229030
0.0131989239848160
0.0124588603958545
0.0128505704672378
0.0153301394360630
0.0222588949560238
0.0364583386950621
0.0580446059144998
0.0801171315951858
0.0934150553569382
0.0918804596941501
0.0769391487970785
0.0549065195047331
0.0326154637136533
0.0148288194661223
0.00373335895765401
0.00136669896543033
-0.630066270173476
-0.628372894269118
-0.620345354681300
-0.606595302723980
-0.585569490243662
-0.553869893192902
-0.504816171924421
-0.432478511490613
-0.333336316485583
-0.219645700734576
-0.113861193022452
-0.0388761515111464
-0.000259325877613908
0.0132802192558849
0.0146503943123645
0.0131990829020280
0.0124677344201326
0.0127600346392238
0.0151059053482446
0.0218399270257516
0.0360594748635068
0.0580734507438345
0.0811786863482570
0.0955963537025390
0.0946836199999812
0.0795944057934972
0.0568965550075648
0.0338774383596533
0.0154115535708963
0.00388026502323625
0.00142059035321297
-0.636858630409481
-0.635146547364333
-0.627029654368940
-0.613099499771508
-0.591742345890622
-0.559183414282690
-0.508592869628058
-0.434075737514799
-0.331769415450613
-0.215180420953092
-0.107814276116351
-0.0330488535200348
0.00332139449229929
0.0130407826678744
0.0146714565371987
0.0131025993270418
0.0123121241977658
0.0124993730083849
0.0147875875097767
0.0214337318670414
0.0356761163023621
0.0579691580433045
0.0822383229947532
0.0979027774070036
0.0977035566958295
0.0825586752968303
0.0591554111341908
0.0352593645219972
0.0160489728779791
0.00404116956257515
0.00147959392573893
-0.644099644022077
-0.642369074305143
-0.634161814785028
-0.620038360249952
-0.598311345646890
-0.565058941547117
-0.512801720749014
-0.435462881401211
-0.329737945241040
-0.209155744329282
-0.102770878789241
-0.0312326149151975
0.00384643275901656
0.0138979830616272
0.0145475976829123
0.0131094805728997
0.0123144601138764
0.0125646118603739
0.0146820167773109
0.0208312371617142
0.0349877905998419
0.0578666415299887
0.0833246947482282
0.100355247685257
0.100960608455698
0.0857450764947045
0.0616331618733501
0.0367721437477497
0.0167486475311631
0.00421754250728439
0.00154425951446414
-0.651813092771616
-0.650062049319991
-0.641755002880798
-0.627449010313878
-0.605311984445306
-0.570985029597305
-0.517235415155163
-0.436396922422852
-0.327469061747942
-0.204828821415266
-0.0951898387620114
-0.0258292273034173
0.00729958417408418
0.0145728108939208
0.0144216699742380
0.0130164514784162
0.0122399431986884
0.0124384976150328
0.0141819131253944
0.0205354241839184
0.0341556068730857
0.0577799689691637
0.0844746926405282
0.102971964985400
0.104468732872801
0.0892005388351179
0.0643389731819059
0.0384377632943994
0.0175127639622969
0.00441088214534461
0.00161496206553844
-0.660029216664188
-0.658257646087858
-0.649849787800294
-0.635329993137026
-0.612790490424024
-0.577642996604091
-0.522125457025905
-0.438014584076299
-0.324828218442500
-0.198524263021596
-0.0893550313456594
-0.0205746666476043
0.00858345593316065
0.0151441401426927
0.0144345255604315
0.0129565002786445
0.0121883826238229
0.0123279577719622
0.0141094672457832
0.0199224754193575
0.0338280540009068
0.0575646641641824
0.0855394530422595
0.105672193415716
0.108247679369474
0.0930049837075721
0.0672607908418038
0.0402464643943367
0.0183536176217992
0.00462359134359982
0.00169257745132180
-0.668782190102410
-0.666989137280024
-0.658474924037379
-0.643739503883123
-0.620710573835880
-0.584554812448977
-0.526924651029156
-0.439190076576434
-0.321721200646739
-0.192089516753095
-0.0825347835229308
-0.0160838293947830
0.0103913398969278
0.0155453589793638
0.0144116216683845
0.0128885371187814
0.0121343463821091
0.0122481130940958
0.0138824204690184
0.0194578781249442
0.0330363370481149
0.0572676252874605
0.0866308388365106
0.108561263143598
0.112324504300404
0.0970771968167004
0.0704914054258286
0.0422601896650065
0.0192804078716312
0.00485773691747959
0.00177835435249074
-0.678107840297123
-0.676292242143313
-0.667667431999499
-0.652708909137052
-0.629157167404225
-0.591677964566117
-0.531541713079096
-0.440180232413508
-0.318110112991953
-0.185258836450651
-0.0756135022829468
-0.0117067791792751
0.0119973727752142
0.0158627139739560
0.0143657815295217
0.0128165118482656
0.0120811779750080
0.0121774277417625
0.0136950805152641
0.0188943638968819
0.0322986812240171
0.0568851765351925
0.0876397700804896
0.111565194985083
0.116711827389298
0.101559185956185
0.0740293749168909
0.0444631449587962
0.0202997718556519
0.00511499310310353
0.00187301540532125
-0.688043720040111
-0.686205197161890
-0.677466485738974
-0.662275578749383
-0.638152295473519
-0.599599995861219
-0.536979059621870
-0.441299423969482
-0.313929515459582
-0.177681688278952
-0.0681928877540397
-0.00759474960423105
0.0135544250862043
0.0160983537524407
0.0143011222187587
0.0127431784489228
0.0120338233247756
0.0121186775511272
0.0135086630377637
0.0183999403502441
0.0315270828755955
0.0563583015684113
0.0886676059042186
0.114764339479328
0.121439492240383
0.106453858572180
0.0779186029450978
0.0468924300197358
0.0214250594203849
0.00539940242497738
0.00197751608749807
-0.698633208675042
-0.696771534204859
-0.687917541087269
-0.672489606345673
-0.647882728098610
-0.607716116055248
-0.542133835327425
-0.441826679529843
-0.309054968483776
-0.169432154810696
-0.0608407413614567
-0.00323412575407045
0.0149026331073422
0.0162642014670882
0.0142184775769196
0.0126694946754110
0.0119854232947781
0.0120564068568235
0.0133235865568482
0.0179256567606387
0.0305926177674006
0.0557328733983257
0.0895896789259197
0.118059651976509
0.126534543186246
0.111805034677077
0.0822015352768455
0.0495773101675253
0.0226697655000117
0.00571449555321561
0.00209230096153125
-0.709921790201412
-0.708036617860217
-0.699067804681881
-0.683383020844028
-0.658000010804448
-0.616441310346919
-0.548143035015272
-0.442186858176117
-0.303572347088310
-0.159851480310235
-0.0528183638359893
0.000949667155145918
0.0161774686270985
0.0163721406137011
0.0141192868772273
0.0125960950439763
0.0119443183006613
0.0120065402731953
0.0131611238679821
0.0174292571630518
0.0296304958113983
0.0549388824894797
0.0904424601548007
0.121512347456164
0.132025635732954
0.117664098929575
0.0869271492735990
0.0525499359633940
0.0240499150327932
0.00606398477408212
0.00221969969288920
-0.721959520430378
-0.720051870979067
-0.710968102046593
-0.695008376967741
-0.669051084746049
-0.626147394291371
-0.553896811305255
-0.442413223610241
-0.297146138225081
-0.150300681856864
-0.0449841368515437
0.00476727960383582
0.0171572205832942
0.0163885632181447
0.0140098627248347
0.0125289035990120
0.0119046195699079
0.0119609017043633
0.0130054674453572
0.0169236940548117
0.0285890340097068
0.0540441109674222
0.0911815959419660
0.125100125368189
0.137943952499252
0.124087724798846
0.0921524577792625
0.0558485806450703
0.0255842209806000
0.00645178074301362
0.00236251657388323
-0.734802777546016
-0.732872896893207
-0.723674459256416
-0.707457494515308
-0.680773579369503
-0.635641025608107
-0.559610498799080
-0.441713218317101
-0.289843178841805
-0.139968936794077
-0.0369002744599355
0.00847591872157437
0.0179739984569191
0.0163529111723667
0.0138985826542681
0.0124602302796307
0.0118692644224990
0.0119246481396354
0.0128755194169404
0.0164118963541801
0.0276323023444731
0.0529487770497846
0.0917906500293994
0.128842850856470
0.144322315750787
0.131140591260501
0.0979427484843150
0.0595191877245715
0.0272938768226298
0.00688414994061663
0.00252177979133888
-0.748509693842240
-0.746559260633365
-0.737257715969325
-0.720756376460471
-0.693216440337986
-0.646049098760866
-0.565803471779170
-0.440649818814483
-0.281219183488678
-0.128875939264795
-0.0284911367408769
0.0117134992279359
0.0185666312838422
0.0162675490828422
0.0137883337387890
0.0124008257087585
0.0118342253480211
0.0118970645628591
0.0127702822305355
0.0160175976504347
0.0265920672385732
0.0518496646142682
0.0922014048378194
0.132587507449408
0.151196008958995
0.138897360149536
0.104373550741264
0.0636156479763940
0.0292043913856972
0.00736842792529985
0.00269820997734255
-0.763149603526718
-0.761181313380158
-0.751785010871288
-0.735012137602536
-0.706686398167027
-0.657217859994096
-0.571587149946217
-0.438923839153719
-0.271659820287626
-0.116424519600258
-0.0199935553038036
0.0148423681734951
0.0190250628197430
0.0161475034024672
0.0136700231817326
0.0123403370724618
0.0118108099927815
0.0118742006070377
0.0126679569268220
0.0155659069969844
0.0254743473922083
0.0504798388856257
0.0924348641095018
0.136507618724052
0.158601361949648
0.147441668073082
0.111534107842784
0.0681991211903604
0.0313457805725908
0.00791143651529548
0.00289609679028570
-0.778796143937871
-0.776815128941091
-0.767346762119153
-0.750329628563831
-0.721134963362510
-0.669194587060887
-0.578547735538035
-0.436185389244518
-0.260504246623431
-0.103552690670113
-0.0123612824855890
0.0172707645212552
0.0192758171846226
0.0159947362410660
0.0135696646805155
0.0122888207809231
0.0117900858887813
0.0118617701243764
0.0125921681666962
0.0151831306495155
0.0243126332567063
0.0488247469787420
0.0924681229420174
0.140438933731515
0.166575927608909
0.156869730982836
0.119528065190925
0.0733415662260914
0.0337537932882672
0.00852138654940365
0.00312037472152931
-0.795538730986497
-0.793550694664888
-0.784032483813686
-0.766812124966602
-0.736664804313836
-0.682011902243637
-0.584195575408156
-0.432493140610780
-0.247857463614837
-0.0896084763045711
-0.00460346147650120
0.0194043936644145
0.0193916199631580
0.0158286580173067
0.0134686523448078
0.0122461939818635
0.0117738367383764
0.0118599282021522
0.0125472573412835
0.0148617023114528
0.0232843338756571
0.0472388358864675
0.0922274598069170
0.144446184799689
0.175158898121927
0.167291094109530
0.128476739317016
0.0791306569723321
0.0364706414148191
0.00920929778062827
0.00337356827888262
-0.813482472657288
-0.811496454389645
-0.801972834188023
-0.784569291380105
-0.753559351207768
-0.695836376374483
-0.590745097827113
-0.427420783279629
-0.234181127086964
-0.0756487377521371
0.00226296670220072
0.0212120881116301
0.0193614643341536
0.0156500844761428
0.0133805249938688
0.0122132070235356
0.0117699694380954
0.0118629159812997
0.0125124257302440
0.0145751534823660
0.0222414075787436
0.0451248161065866
0.0915490406260695
0.148391971621870
0.184389494425968
0.178830326819251
0.138523171461565
0.0856707538609530
0.0395463436301902
0.00998948762032950
0.00366043417161607
-0.832753212857259
-0.830784018662920
-0.821318461290112
-0.803801288771048
-0.771652835304269
-0.710089929568142
-0.596638985995766
-0.420727266862390
-0.218357118174802
-0.0615826462474485
0.00913141862231730
0.0225401244012606
0.0192331954217746
0.0154843097639349
0.0133012488686507
0.0121908013979611
0.0117784901030382
0.0118844367822689
0.0125003161300875
0.0143291411343186
0.0211787019372430
0.0433956996661692
0.0905884908646227
0.152284517282875
0.194306917640509
0.191630011061891
0.149834963272015
0.0930850886413645
0.0430411567010985
0.0108768982337907
0.00398544940909250
-0.853521525281877
-0.851582800089120
-0.842240925883220
-0.824637420950081
-0.791478053453900
-0.725607663082504
-0.602564508958131
-0.412040435217068
-0.199743250223593
-0.0469504967545741
0.0146588520618044
0.0232969374714083
0.0190402365123231
0.0153352025372080
0.0132428487289893
0.0121869418726933
0.0117972010112986
0.0119184924434894
0.0125223490840068
0.0141435031798946
0.0202127966024239
0.0411293321291763
0.0894139369512779
0.156065938769088
0.204949761411902
0.205853578589138
0.162609910548784
0.101519836508044
0.0470271166065767
0.0118896464216718
0.00435556639601741
-0.876000790938417
-0.874117693978631
-0.865012575762670
-0.847503399136748
-0.813230492172323
-0.741798012782366
-0.606646048073405
-0.400815551273895
-0.179165545416786
-0.0314770909673779
0.0197772645571902
0.0238143702598643
0.0187872107897637
0.0151950424066012
0.0132086518868562
0.0121984852866379
0.0118397335138919
0.0119721180333837
0.0125615203891358
0.0140120308691222
0.0193514216506754
0.0388669936217786
0.0877449978195287
0.159665520932274
0.216355298026801
0.221688106546953
0.177082933104570
0.111149576283767
0.0515916443989703
0.0130497931844243
0.00478132070984275
-0.900491713894595
-0.898690878513946
-0.889930943689793
-0.872598958171145
-0.837103378158645
-0.760000391511880
-0.610414102135713
-0.386603962314097
-0.157814534659871
-0.0180415546488574
0.0239025584480225
0.0239540283014693
0.0185464958476752
0.0150937460080617
0.0131949680881979
0.0122333910638554
0.0119010277191614
0.0120526275933398
0.0126362250566665
0.0139484791257642
0.0185640176219404
0.0366412332550664
0.0855348353094960
0.163007519767269
0.228562176483092
0.239345729233601
0.193530197559115
0.122185339022064
0.0568389660093158
0.0143839347833667
0.00527088297139257
-0.927398120671784
-0.925714193987092
-0.917468868995563
-0.900531828619392
-0.862989706365173
-0.778768870364933
-0.613368864561464
-0.368719275007357
-0.134217548244632
-0.00368748922774876
0.0272904852224591
0.0238557292393304
0.0182921339560612
0.0150130945293106
0.0132110445170755
0.0123013955886509
0.0119933533429537
0.0121597476724207
0.0127405445644156
0.0139280979048073
0.0178359051496126
0.0345547264195219
0.0832533288760611
0.166049824366619
0.241611730013493
0.259071678158598
0.212278231673369
0.134878439564365
0.0628936882088979
0.0159241523536260
0.00583719230922396
-0.957275093206340
-0.955748557938171
-0.948187615128790
-0.931847847875122
-0.892628269530594
-0.798405955702767
-0.612419549709958
-0.346294486766275
-0.107439403955828
0.00826776310198330
0.0292842550670652
0.0235776967726066
0.0180843107712909
0.0149777130789187
0.0132611743805675
0.0123953894308672
0.0121190691704638
0.0123030739093383
0.0128920691801187
0.0140143005670034
0.0173683756270984
0.0322107505258953
0.0804145410055401
0.168747232019060
0.255556181512290
0.281148109612779
0.233710569669644
0.149528998738910
0.0699059953566833
0.0177096137163808
0.00649246604698478
-0.990880402674740
-0.989557893990489
-0.982871902054030
-0.967050572990738
-0.925210094385928
-0.820579800161974
-0.609410525025130
-0.318636299438035
-0.0812554508343564
0.0198448546649255
0.0303981138057473
0.0232010042481727
0.0179149925630282
0.0149737066638487
0.0133482411572230
0.0125321682519747
0.0122877672399850
0.0124925353144657
0.0130940297918375
0.0141635707272969
0.0169964208121248
0.0301627184444848
0.0772171946155635
0.171051103751155
0.270472144792978
0.305901946340269
0.258273180217030
0.166487960484968
0.0780526903397975
0.0197902586588134
0.00725063910048625
-1.02921952829014
-1.02814418176216
-1.02250161257078
-1.00742553043859
-0.961378716708920
-0.840527988198949
-0.600061254709151
-0.287284408385955
-0.0536261025600374
0.0282260501928363
0.0308397531636289
0.0227601380984745
0.0177713916906667
0.0150099106352754
0.0134685685398528
0.0127085531592325
0.0125006660561352
0.0127336371512982
0.0133520744044277
0.0144012473813517
0.0168620007312229
0.0283152768721571
0.0736006884719873
0.173025695921966
0.286481350597852
0.333718216995015
0.286487347931095
0.186168347418714
0.0875422841256891
0.0222112113281046
0.00813815113966970
-1.07362017040215
-1.07282445433543
-1.06837596117160
-1.05374615297085
-1.00206886108752
-0.862361637731757
-0.585653790304355
-0.247756308888665
-0.0263641372656887
0.0348064729539007
0.0305894765356650
0.0223654357375126
0.0176767403621155
0.0150726689821662
0.0136203961066015
0.0129164625251997
0.0127571700423521
0.0130263970554116
0.0136784309980097
0.0147319910879840
0.0169088247806362
0.0269816222941183
0.0699301321462822
0.174832276997127
0.303800159404373
0.365058557900980
0.318947828512530
0.209029241594739
0.0986100952856755
0.0250326279739080
0.00918252447236793
-1.12571476233591
-1.12522490385441
-1.12200626529377
-1.10713818802743
-1.04836985378741
-0.878979965534490
-0.561495233956821
-0.202660046444933
-0.00140354406138572
0.0388447511867995
0.0299296476319672
0.0219620220261095
0.0175905308249268
0.0151392215139980
0.0137896333697151
0.0131551184365777
0.0130487786050633
0.0133689424989485
0.0140673198328241
0.0151439019229407
0.0170880373343647
0.0254367787577366
0.0671488399574044
0.176653068357519
0.322809787194861
0.400495062522207
0.356294375218764
0.235584327670788
0.111505746055589
0.0283358722325053
0.0103812004940281
-1.18755280853737
-1.18735007227913
-1.18523490929172
-1.16970646971489
-1.09872384329618
-0.894810280470733
-0.526793741421585
-0.154032710434136
0.0209857136112128
0.0404246611018641
0.0291065350616432
0.0215814866711121
0.0175055380929244
0.0152029748884141
0.0139415444461221
0.0133875660999341
0.0133523894583933
0.0137434833334909
0.0145127377953137
0.0156535064084913
0.0174599442268585
0.0248794389055852
0.0634726821494669
0.178854042205982
0.344147448748841
0.440751694842839
0.399202249465727
0.266290064829867
0.126469595974113
0.0321555210367114
0.0117949158469240
-1.26148336983643
-1.26153453420075
-1.26020367045134
-1.24219563746343
-1.15223330878026
-0.903674792080824
-0.478419510813250
-0.0975899155511974
0.0377077565637468
0.0404861761143650
0.0281416662184934
0.0211743322233474
0.0173681086244929
0.0152010350935448
0.0140419158799076
0.0135659779055760
0.0136199908422646
0.0141043768664600
0.0149697545911832
0.0162146476243590
0.0180441566151080
0.0241754649106349
0.0612968906938188
0.182038524291389
0.368881121930349
0.486757654360940
0.448256535306808
0.301502801965601
0.143655207611691
0.0365530422883904
0.0134143329832275
-1.35024022714242
-1.35043324382185
-1.34918677116196
-1.32619242429705
-1.21202849159905
-0.899159261092221
-0.416133430806257
-0.0493397947766096
0.0494589080872841
0.0393025343401548
0.0271441168765335
0.0207007200231428
0.0171327518012372
0.0150875588687431
0.0140164822481547
0.0136235479025709
0.0137707650449667
0.0143669851132859
0.0153634282660234
0.0167607718744378
0.0186954477866266
0.0241856197116808
0.0584053512819655
0.187024882270075
0.398676681654975
0.539728601231844
0.503765370716806
0.341197018094622
0.163009359531496
0.0415118851086882
0.0152179724829416
-1.45691760552779
-1.45703767516491
-1.45478296160639
-1.42223294307543
-1.26953895995104
-0.880708338904046
-0.334579667562390
0.00164141585697841
0.0538463331551891
0.0374930124661325
0.0261458675492270
0.0201535208475569
0.0167607227053950
0.0147969178578761
0.0137905773827322
0.0134659678635126
0.0136906098552027
0.0144078081315532
0.0155658819509370
0.0171496214336793
0.0192497938217154
0.0240550103923286
0.0566033112347641
0.194594532865686
0.435958987312264
0.601085845507575
0.565358523047424
0.384521746174730
0.184032724964051
0.0468907385469179
0.0171783615012654
-1.58505475682805
-1.58481944782639
-1.57978543163527
-1.53319427129635
-1.32678147607267
-0.837434318524709
-0.246225290411472
0.0378114071781894
0.0548764768254215
0.0355288748302833
0.0251122664064994
0.0194770633732749
0.0161892520925410
0.0142720316880251
0.0132836481892522
0.0129939052586903
0.0132775555293867
0.0140778879255665
0.0153628695281842
0.0171422725816448
0.0194822149716487
0.0240246848220608
0.0561860423651594
0.205819289648049
0.483993376801228
0.672169212862654
0.631263430629909
0.429180730513696
0.205442224697782
0.0523486589140038
0.0191847763332361
-1.73885552796630
-1.73791297293814
-1.72792057739310
-1.65846056591304
-1.37845639932021
-0.764951210336872
-0.140096359877772
0.0657896322493211
0.0524581204243239
0.0335776623290570
0.0240046156706226
0.0186138586978773
0.0153876048696281
0.0134644335144586
0.0124517939666519
0.0121392577849176
0.0124180743019970
0.0132531863459708
0.0146049758577545
0.0164982836509195
0.0190406565057750
0.0234215621488038
0.0539045221394505
0.222225310521327
0.546560310666706
0.753206765539249
0.697148910830193
0.470608135839411
0.224772400177529
0.0572391191482861
0.0209925716885680
-1.92379344899846
-1.92159463189712
-1.90328045729700
-1.79954597418603
-1.40824442218770
-0.654555128973436
-0.0447674184057716
0.0757437135192099
0.0492237149374083
0.0318012580566292
0.0228391123884998
0.0175701901031932
0.0143328897536770
0.0123574316333446
0.0112740390063854
0.0108838898888697
0.0111063839592426
0.0118786109462397
0.0131920049243697
0.0150955742610534
0.0176599352258566
0.0218321663104232
0.0505372535102392
0.243184110112940
0.627305061448692
0.841637460648516
0.754927886123877
0.501564033229370
0.238249999635926
0.0605921903291402
0.0222249328232585
-2.14750064985758
-2.14328670999887
-2.11210976397744
-1.95348961377950
-1.41422443531496
-0.504645087680048
0.0390343060142297
0.0774249776159970
0.0459098672119967
0.0300697735753752
0.0215229883305987
0.0163099190671013
0.0130138829174483
0.0109593343645856
0.00978729535401996
0.00930614904345319
0.00940909483100942
0.0100372685967656
0.0111940311990558
0.0128974987656298
0.0152759387510619
0.0189011548144945
0.0450568610337316
0.269098427117810
0.728739401363225
0.930134575891980
0.792569411459284
0.513031239877156
0.241428377692181
0.0612790724982097
0.0224657912008258
-2.42104982311380
-2.41391188268350
-2.36259796319792
-2.12241262982239
-1.36095551588493
-0.310346608090831
0.0946205883592181
0.0733771499972301
0.0429632570312148
0.0282190829326624
0.0198971801553444
0.0147208223264318
0.0113929774702864
0.00930416362025542
0.00808014261166511
0.00751398200419123
0.00751282005622875
0.00796278756433012
0.00886930115592740
0.0102734091826533
0.0122492166793791
0.0153147198123270
0.0385366273238642
0.297071534034731
0.851605411582606
1.00641265869208
0.796499991609323
0.496763896017443
0.230689840996376
0.0583868249873271
0.0213681616112917
-2.76186081657417
-2.75005745660708
-2.66707829060402
-2.29532168614808
-1.23132422160791
-0.0993152783817682
0.121198436120631
0.0669701579903740
0.0398846312862341
0.0260578941716215
0.0178689206983548
0.0127408600010008
0.00952014892437197
0.00747244830951823
0.00628450230467095
0.00571409398493762
0.00559293809729031
0.00589876900611483
0.00657168388438253
0.00759268746689900
0.00912407663714499
0.0115049711306833
0.0296465672389560
0.324918320322906
0.996102335359335
1.05635382533522
0.755841943255712
0.448601988679249
0.204697093036994
0.0515845014108848
0.0189310411273799
-3.19774352021290
-3.17829592143166
-3.04212714774439
-2.43933818607947
-0.977062703758924
0.0683211374728780
0.116873811751461
0.0616197525487162
0.0364745466718849
0.0230915648530314
0.0152035152086644
0.0103771247708958
0.00738133193252747
0.00557071787648955
0.00452741273589549
0.00400618730365256
0.00386826215021514
0.00405363663920598
0.00449814559169832
0.00526985081553609
0.00641351977720142
0.00828826584942002
0.0199101217085758
0.343240459169484
1.16528758885114
1.06801175306919
0.665944562975474
0.369515281434061
0.164676246485104
0.0412601279753426
0.0151452866121366
-3.77477173208556
-3.74298486253235
-3.51247259294201
-2.51742645935337
-0.590786121473263
0.180609068806877
0.105426445687071
0.0547518090372383
0.0315879035413466
0.0190418152380237
0.0118627456576407
0.00767466887629062
0.00520433244823652
0.00377694133214272
0.00298561723905771
0.00258995969566572
0.00246320283083052
0.00255624998923737
0.00286610667146279
0.00343583275773105
0.00435873775772955
0.00602167709751423
0.0122959004447087
0.340715761396135
1.36980499696065
1.03216030843966
0.528642459986228
0.265211460519821
0.114007053066351
0.0283312794992392
0.0103800890608770
-4.57354720060921
-4.51792424865396
-4.09995271257297
-2.39286368416071
-0.0914995569201657
0.202363220721401
0.0899258811787826
0.0458885045967720
0.0249048498171066
0.0139069249178312
0.00809982683366897
0.00498644914036774
0.00325469452247590
0.00227879350106003
0.00174697736639598
0.00148530356507988
0.00140980535577861
0.00145599751175992
0.00167179859364639
0.00207443380579553
0.00285907570568941
0.00444590304691380
0.00896105447025392
0.303825191437063
1.63132878219828
0.937008724242632
0.353850449552328
0.148172285106870
0.0593818639538616
0.0144709306234196
0.00534450521201178
-5.75754324837983
-5.65116208908188
-4.81197264046077
-1.82152210196593
0.259094536330375
0.169015615190837
0.0709833673912943
0.0334065650127506
0.0165036647984556
0.00847609994169790
0.00470346550157802
0.00275875343262531
0.00173210315686733
0.00118931375768116
0.000894680523747351
0.000747363748163996
0.000701655537686086
0.000743587112597045
0.000868602724288443
0.00111745489130734
0.00167165405968668
0.00310947884172676
0.00735151883977239
0.219452567012036
1.99266442194048
0.756795847497306
0.164370148988011
0.0424069591981773
0.0131490672989478
0.00296577818672026
0.00111911388714674
-7.64027267455611
-7.41855941013349
-5.47340305317148
-0.593609848210533
0.365246921257949
0.118127627899036
0.0451779919820365
0.0185252131426343
0.00822895146362758
0.00407802833871830
0.00213684822668576
0.00123297896647251
0.000754440032285957
0.000516057803793985
0.000369472840819152
0.000319420443641756
0.000294983133088228
0.000315653107981668
0.000360321246595647
0.000474282357990726
0.000809033923318130
0.00175635141201117
0.00517103950508654
0.108672852921119
2.52656977829911
0.462069609086503
0.00724628739528822
-0.0196556252161314
-0.0103891877139199
-0.00262138447647412
-0.000967999209153755
-11.2303871453831
-10.5016183962305
-5.04092117703412
0.592304573045336
0.222195366356015
0.0598595702357297
0.0194048865401480
0.00703825832840955
0.00303040567815704
0.00139102980100757
0.000746843613793508
0.000390845780507605
0.000256097740162082
0.000166414976387844
0.000124144142607432
0.000103071125025563
9.53076563809216e-05
0.000100232601126206
0.000116084064307298
0.000169418394363922
0.000284826785210916
0.000658258350117397
0.00244131474065258
0.0246027399836354
3.38795234120295
0.0926389577725837
-0.0506526944143448
-0.0243024965004068
-0.00955060469667934
-0.00233918133309491
-0.000889070745938349
-19.0027394446943
-16.0401383854774
-0.917924803488181
0.452396206233627
0.0645348743969628
0.0149852522103235
0.00431826224676005
0.00159913768816157
0.000592763077205548
0.000285797804991470
0.000134614557838862
8.81776321762035e-05
5.06706654985651e-05
3.38975164127199e-05
2.36641119515794e-05
1.98174829970135e-05
1.87614468845877e-05
1.98382885197713e-05
2.45811141133863e-05
3.36150372915222e-05
5.61032948155931e-05
0.000149578834633267
0.000581543476707121
0.000600091367337450
4.65636074830357
-0.0755447871952048
-0.0229761202226128
-0.00739689481303636
-0.00261811175720592
-0.000616200542627209
-0.000208760459370791
-24.7663045310313
-15.3944420663673
0.720240889191998
0.0750908054320751
0.00915284369886241
0.00190384444392622
0.000566175594684368
0.000193606719710565
7.25944740899658e-05
3.84510467869391e-05
2.12302158049396e-05
1.07221903357197e-05
4.99998918996294e-06
4.02212023392356e-06
3.38652094013938e-06
2.42862573367814e-06
2.06484036187881e-06
2.48656219777767e-06
2.96369251804951e-06
5.42647868193999e-06
6.57146839783509e-06
1.70284748086873e-05
7.62838455198511e-05
-0.000149105877293597
3.55276805770979
-0.0188575304737505
-0.00332317339511707
-0.000992816650134148
-0.000352394829228674
-6.90421636045601e-05
-5.56054959614593e-06
-19.8229580667790
-10.9822220282677
0
0
1.58003471843690e-15
3.95186226040668e-15
-1.36340519620577e-16
5.54001289287946e-15
-2.87602641912329e-16
2.34780082575790e-15
1.38500322321987e-15
2.71680140195119e-15
-1.10872251280961e-15
-3.80589705671023e-15
-3.93382026367683e-15
2.77000644643998e-15
0
-2.09467567769551e-15
0
0
-2.07750483482994e-15
-7.46560809795586e-15
3.72360570678991e-15
-2.53354195594193e-15
2.10303376851964
-1.01573704626465e-16
-9.75157476084050e-17
-6.92501611609942e-16
6.26261916882934e-16
0
1.38500322321988e-15