4.52812097985923e-22
2.03349061732351e-08
2.82854126176270e-07
1.35241279830631e-06
2.82874389170411e-06
1.04625260703807e-05
1.86552793874955e-05
2.65971528932825e-05
4.68953086633359e-05
6.30887396075418e-05
0.000137160783000527
1.85905972531558e-05
0.000117859779728207
1.09254420435957e-05
9.78408637054063e-05
3.85569685821518e-05
5.69862810007076e-05
2.77412612976808e-05
2.93607732232871e-05
2.01728745665382e-05
2.26528418717188e-05
2.15366667275901e-05
2.18728884470331e-05
2.08700667848139e-05
1.96611922810832e-05
1.58720047381162e-05
1.05518131607774e-05
6.46546361481517e-06
2.90114958976544e-06
7.32184014727220e-07
0
1.26765441417843e-22
1.96681885038352e-08
2.72135133689073e-07
1.30252466204048e-06
3.24924626449240e-06
1.01728711535379e-05
1.87075042744131e-05
3.23840958933336e-05
5.02590991296329e-05
6.28389564839392e-05
0.000143013533296610
2.13347470720577e-05
0.000128479181785057
2.81837344920611e-06
9.65872905271674e-05
3.98232401910789e-05
5.58916067809066e-05
2.81942370491061e-05
3.03195339471702e-05
2.17352671343328e-05
2.21010460837282e-05
2.17510100298685e-05
2.25391556481569e-05
2.08859643469975e-05
1.96746819860199e-05
1.57243190428530e-05
1.07596146286792e-05
6.41457355923473e-06
2.90388761337731e-06
7.32282643331579e-07
0
-2.34189642712005e-22
2.23261305932020e-08
2.84146548275330e-07
1.38597474647471e-06
4.62180034816734e-06
1.01797156870669e-05
2.14338298509871e-05
4.55121127261592e-05
5.95115252056996e-05
5.79591333794363e-05
7.35531269872750e-05
3.76725656409170e-05
0.000143604925199655
1.25892479170824e-06
1.33711934944558e-06
3.98137813382129e-05
4.89045433605598e-05
3.04649420392694e-05
3.32747484538714e-05
2.86229049894796e-05
2.38122385321755e-05
2.12040925921531e-05
2.21150749275744e-05
2.20687853663316e-05
1.97230253247327e-05
1.56044061418489e-05
1.08211938997500e-05
6.36043763139350e-06
2.91906549794676e-06
7.34025085129815e-07
0
9.16863217182090e-22
1.80943834943196e-08
2.92176815522398e-07
1.48118719438377e-06
4.41833661612008e-06
9.47792741182445e-06
2.17043183373730e-05
3.48633109550713e-05
4.28303733615522e-05
7.82241825849297e-05
6.22870870000737e-05
0.000115357878604273
6.26279929264221e-05
7.10425258616375e-05
8.92669423485555e-06
1.04728555246521e-05
4.02663839661015e-05
3.30600786874259e-05
1.99356133198712e-05
2.29670050679501e-05
1.88486323425308e-05
2.20846748667976e-05
2.18139695846879e-05
2.20129008378487e-05
1.97876011244761e-05
1.59528527397382e-05
1.09114835078225e-05
6.43843036163576e-06
2.90367204615108e-06
7.29854755097320e-07
0
1.73525179382673e-21
2.29561209617761e-08
3.39258518913890e-07
1.61561060100105e-06
4.65965362521631e-06
1.30338836716490e-05
3.25100378329814e-05
4.95429024248305e-05
5.75173845741026e-05
8.50037837695799e-05
5.77519025033736e-05
2.47766573478244e-05
9.90320288267933e-05
7.70569875228825e-05
4.72443473900073e-05
5.90425706340970e-05
2.61078535901876e-05
2.87562093182772e-05
1.99391431455517e-05
2.50334707680037e-05
2.13604149057120e-05
2.11841014499048e-05
2.33781347500624e-05
2.19742932195382e-05
1.99241163540273e-05
1.62954402226361e-05
1.16411181948531e-05
6.53639024642793e-06
2.94949653127727e-06
7.41558028426547e-07
0
2.56635800449409e-22
1.56850888771688e-08
2.38713300133344e-07
1.39589686680785e-06
4.37108451404727e-06
9.93684510225097e-06
2.05453604976863e-05
4.67455024853132e-05
5.25886445210739e-05
5.47548703215420e-05
4.94464366963118e-05
9.76023245330897e-05
8.35200644957848e-05
-3.49591282741757e-05
6.80096485777203e-05
3.87562103148170e-05
2.63707026413340e-05
3.34852675487538e-05
2.90961487677335e-05
2.31002197663585e-05
2.48521007372916e-05
2.22063734946224e-05
2.28479020133693e-05
2.24018586958827e-05
2.01565103807130e-05
1.57394878817633e-05
1.12806389475264e-05
6.61303897650705e-06
2.98239846486880e-06
7.49950310343425e-07
0
-2.03123153145480e-21
2.24710268743828e-08
3.20270295705340e-07
1.55950870486522e-06
4.49560308084916e-06
1.26531389489509e-05
2.14859389747813e-05
3.07675978913261e-05
4.68806017002199e-05
8.45900194638280e-05
0.000167063584524024
1.24263137731606e-05
0.000110633448537098
7.84269753894100e-05
6.32094752479901e-05
3.07231781012271e-05
3.95061743387033e-05
2.95775870423033e-05
3.10659121880252e-05
2.16458499556876e-05
2.29458425244889e-05
2.27428855461114e-05
2.31420446625437e-05
2.27485454027838e-05
2.04258939180088e-05
1.61667067207093e-05
1.15373158092837e-05
6.48114225957013e-06
3.00415864698891e-06
7.57248842962870e-07
0
7.90644035577777e-22
1.98287288146736e-08
2.84549158332565e-07
1.42774290130445e-06
4.76085972386956e-06
1.09993154055191e-05
2.34608255392367e-05
4.54343163362116e-05
4.78586122964185e-05
6.31311420356560e-05
5.35613577715466e-05
0.000101678995375980
7.49909576212373e-05
4.52798964793334e-05
4.54248626953886e-05
4.05672293929224e-05
4.04060447558585e-05
3.35554255449240e-05
2.58504721423662e-05
2.45076485562436e-05
2.55752706291093e-05
2.28475886772585e-05
2.31453117495407e-05
2.27635917160348e-05
2.06431177953102e-05
1.65915080841190e-05
1.13860980577672e-05
6.83526568089308e-06
3.06258795244161e-06
7.69362556806065e-07
0
4.73188256902345e-22
2.71250241880113e-08
3.47310648707081e-07
1.62222691592628e-06
4.76726179606104e-06
9.39195369475954e-06
2.01412458152672e-05
2.75674770699399e-05
5.14131246382722e-05
5.54525430516959e-05
0.000101287471046375
0.000109680361966909
6.91332591442444e-05
5.37703038565491e-05
6.48900794548977e-05
5.40760810928482e-05
3.62517800851080e-05
3.09074388346736e-05
2.68445858062193e-05
2.44002675346119e-05
2.02437128832602e-05
2.33529413361356e-05
2.44519315740313e-05
2.33605842114968e-05
2.09762961633888e-05
1.70740868426448e-05
1.18630742088617e-05
6.89927050190718e-06
3.13324310004353e-06
7.86886221834668e-07
0
1.02099409662636e-21
1.70735107034064e-08
2.78078933797656e-07
1.77029410895516e-06
4.99787205480369e-06
1.19266682800289e-05
2.49354492107906e-05
3.43481321449410e-05
5.19614406181832e-05
7.59411982906313e-05
5.82499457700729e-05
0.000129215039935075
0.000126002546377475
5.79616578475567e-05
6.52780319034441e-06
2.20946624750684e-05
3.20283821967155e-05
2.78940687662868e-05
2.61174011301449e-05
2.37876664678946e-05
2.29215379278614e-05
2.31885447542380e-05
2.32907082218621e-05
2.36135184285260e-05
2.13835828623366e-05
1.72503521942983e-05
1.20062936738657e-05
6.84143410631278e-06
3.16146735266706e-06
7.96389725997349e-07
0
3.01534087630675e-23
2.84205517417106e-08
3.75291371651482e-07
1.69459564373166e-06
4.45171013216540e-06
1.04559928494037e-05
1.76351229974176e-05
4.07126583064081e-05
5.31667855174518e-05
7.42222301404748e-05
8.60452259420927e-05
6.35907574933790e-05
3.71814515506864e-05
5.25475368624052e-05
1.08209713294734e-05
4.48025359925263e-05
3.29197378835904e-05
2.71961959829037e-05
2.81042720956587e-05
2.67080731093322e-05
2.30967111818362e-05
2.33147211255271e-05
2.41144529107166e-05
2.40285116339526e-05
2.18080773551856e-05
1.75895966516317e-05
1.24995000706391e-05
7.18828791083882e-06
3.27253300155865e-06
8.20508700919546e-07
0
-1.91727764862337e-21
2.12328069896440e-08
3.22477802780356e-07
1.67100528077760e-06
4.16432264975829e-06
8.49229484553785e-06
1.85232838366619e-05
3.37662799785030e-05
5.61119116343858e-05
7.23650163339006e-05
9.60384213848762e-05
0.000199207758685500
1.26911847829667e-05
0.000124031102893332
3.28971669245183e-05
4.65556121606338e-05
6.17187560375740e-05
2.92109305057895e-05
2.70532941325367e-05
2.41863423339344e-05
2.90586937921340e-05
2.44020614708332e-05
2.45437868910634e-05
2.45550248126693e-05
2.23050061026915e-05
1.77532061741056e-05
1.26438218925708e-05
7.42818071527320e-06
3.34324614081920e-06
8.39679552054419e-07
0
1.16318847520881e-21
1.95324407283952e-08
2.88733944520454e-07
1.52250060344135e-06
5.40717181812117e-06
1.02039638152591e-05
2.69417231508299e-05
4.94926157496704e-05
5.79024279080016e-05
6.75372542888160e-05
9.95777040308725e-05
9.47474228054173e-06
-1.20919321267304e-05
-9.95473406136132e-06
6.80690166069336e-05
2.79663713604337e-05
3.06096777026878e-05
3.16123278409926e-05
2.83581839977861e-05
2.71743119349830e-05
2.50266392138890e-05
2.54007109687045e-05
2.41021537108743e-05
2.52627065393804e-05
2.28796737868647e-05
1.81367872369605e-05
1.21860299221522e-05
7.60083348514823e-06
3.41742501003759e-06
8.62316999510722e-07
0
-4.03029366745829e-23
1.86960665597086e-08
2.63517813340471e-07
1.12864349721584e-06
4.76808813408455e-06
1.18063970040987e-05
2.23414442251281e-05
3.95418828122374e-05
6.31752350373426e-05
7.19966809614078e-05
4.85586399804576e-05
5.45365668166852e-05
4.83776903067595e-05
8.77526374354827e-05
3.72952462887772e-05
3.99321044693418e-05
4.00565545906940e-05
3.15734546603112e-05
2.29556344125368e-05
2.58855529288804e-05
2.46030617341688e-05
2.41953254263437e-05
2.55821685387020e-05
2.60997566602759e-05
2.34650132041357e-05
1.91945864848787e-05
1.36900919978780e-05
7.79080250116377e-06
3.54185198425597e-06
8.91826361100581e-07
0
9.92261316068401e-22
3.15777457316668e-08
4.00805906374633e-07
1.98045501158563e-06
6.08814229999805e-06
1.48232896442105e-05
2.36394604216183e-05
5.03953750848687e-05
5.84825548202970e-05
8.53209605713878e-05
9.10478058093447e-05
8.99512572612449e-05
7.32376210328958e-05
7.82818699665924e-05
6.12114401673232e-05
3.72461229584859e-05
4.15311469295352e-05
3.73747268549522e-05
1.92899299267560e-05
2.20290355389411e-05
2.96362209176226e-05
2.61527932753904e-05
2.57237134790044e-05
2.66204521683093e-05
2.41915828221176e-05
1.92398335449069e-05
1.34596231665109e-05
7.94349230866608e-06
3.63382388883978e-06
9.15375462181844e-07
0
-2.21939470942323e-21
2.83790423157687e-08
3.78080293447341e-07
1.93780160596038e-06
6.27184754186699e-06
1.22528897626656e-05
3.00787142158898e-05
3.95188356685102e-05
6.10271606907826e-05
6.89260271527759e-05
6.71931565304990e-05
8.03060167404361e-05
4.97877534853751e-05
7.46160505491907e-05
4.00160352451219e-05
3.62670260751846e-05
2.92143960157278e-05
3.24916500843138e-05
4.08065803473517e-05
3.27794835205056e-05
2.41346857233823e-05
2.62855269313547e-05
2.71449977267864e-05
2.70876249441327e-05
2.50290598516071e-05
2.02784502688753e-05
1.43552069404841e-05
8.38475786640089e-06
3.82470714669495e-06
9.59072484213830e-07
0
-3.06279585396616e-22
2.87029296252390e-08
4.14838712076403e-07
2.08230923888387e-06
6.26831716706379e-06
1.43254992084614e-05
2.36764755510175e-05
4.07795531496428e-05
7.42571186675270e-05
0.000110731466322650
0.000122913405894508
5.68131381139025e-05
5.04219849934950e-05
8.02250055805049e-05
7.19974772463525e-05
3.95431370018068e-05
2.93833368084467e-05
3.35625991707221e-05
3.53992106508090e-05
3.30719806519908e-05
2.55208851205746e-05
2.56242590610843e-05
2.76116815920207e-05
2.83171050911371e-05
2.58458496039813e-05
2.08567463094696e-05
1.49905832579019e-05
8.77965481105504e-06
3.93836235948464e-06
9.93773853215933e-07
0
-8.15891015680691e-22
2.41495384433335e-08
3.75032522523594e-07
1.93977893276179e-06
6.33491482249123e-06
1.38112054314951e-05
2.77847223723052e-05
4.97052618641853e-05
7.02010262771206e-05
0.000112234913097343
0.000169871328725865
-2.41727759320192e-05
9.82048266727183e-05
7.57733498245829e-05
6.55948081150469e-05
2.80261389699097e-05
3.89189784923580e-05
3.74486352390239e-05
3.65318317028739e-05
2.86657203827811e-05
2.58727953946910e-05
2.77702064649754e-05
2.95056697129621e-05
2.89059248754648e-05
2.68449560243709e-05
2.13211607651915e-05
1.55155656514284e-05
9.14082284558473e-06
4.11548405052976e-06
1.03850964441469e-06
0
2.09274181801459e-21
3.29937470169493e-08
4.59048632279582e-07
2.23425550303760e-06
6.04116320666724e-06
1.48308161104186e-05
2.64124840236496e-05
5.14100457288761e-05
6.23103114588989e-05
6.41417456922754e-05
6.22383597751255e-05
3.98832424840816e-05
7.87479752958412e-05
5.96461531096512e-05
5.28568203583962e-05
3.96045389294004e-05
4.24059988102931e-05
3.97547856405576e-05
3.20899329749180e-05
3.80058033799670e-05
2.86125565832573e-05
2.89791378623642e-05
3.00873803256067e-05
2.98954520202750e-05
2.78921765940659e-05
2.31441749962159e-05
1.61958563888386e-05
9.66631070725422e-06
4.28927905435228e-06
1.07789194351638e-06
0
2.27517172562483e-21
2.90258020077902e-08
4.45283628549173e-07
2.21783394571480e-06
7.17047363828731e-06
1.77808321391713e-05
3.21155887576259e-05
4.63905358478114e-05
6.97602030794463e-05
7.37836477436222e-05
7.06870733597104e-05
5.65241127371979e-05
0.000112154302520028
4.72084726632130e-05
3.71806228531208e-05
5.75007073366942e-05
4.25313996330527e-05
3.88579009301987e-05
2.99064137914284e-05
2.33527764713703e-05
2.80710266365905e-05
2.97614728805657e-05
3.04668365037767e-05
3.07504462201103e-05
2.90915909286255e-05
2.31618095047662e-05
1.70262669858025e-05
1.01774149036319e-05
4.53542873860299e-06
1.14001302601365e-06
0
2.40005087359485e-21
2.66671197814104e-08
4.14101852275334e-07
2.13171121365120e-06
6.31362974999139e-06
1.46672065033062e-05
3.37287889129222e-05
5.64634723852486e-05
9.00836678233453e-05
0.000103145820845146
0.000130525297586984
0.000234284226282589
-1.45866322769131e-05
9.96819031110711e-05
7.49501248393766e-05
6.85704730916991e-05
4.53034713184936e-05
4.17260008576602e-05
2.97786144363503e-05
2.96374142203026e-05
3.09347222863117e-05
3.08034324585271e-05
3.28172524140903e-05
3.26647551697294e-05
3.04079679718545e-05
2.53651560561555e-05
1.78062545503809e-05
1.04456794159213e-05
4.75860352582769e-06
1.19952597776963e-06
0
-2.74897326345774e-21
3.30037387734065e-08
4.83033451927816e-07
2.42036777339358e-06
6.96195676525848e-06
1.62322061376774e-05
3.66539485535600e-05
5.40091480070849e-05
8.11111678026682e-05
0.000130165211039825
0.000159077479372679
6.14434845011726e-05
0.000110331050653957
6.39327199796647e-05
6.41103666921819e-05
5.28987154760700e-05
4.72480412751814e-05
4.34236411159469e-05
3.96039776706433e-05
3.58916860892353e-05
2.76785551190084e-05
3.22546814036687e-05
3.33085567666070e-05
3.37784478811402e-05
3.18755014069466e-05
2.61872549957342e-05
1.91024568618722e-05
1.09142783248989e-05
4.99311806922013e-06
1.25726170085107e-06
0
2.17453927714950e-21
3.75142436109941e-08
5.37138149242154e-07
2.68132229184144e-06
7.91753863719799e-06
2.32565291431284e-05
4.50854135685287e-05
5.55748854608928e-05
9.69541614402097e-05
0.000140179922590691
0.000274636903751467
0.000164756246902795
5.35259068979369e-05
0.000101162118737956
6.57006032912973e-05
5.32752006667542e-05
4.80434570943278e-05
4.45623357727394e-05
3.60062950063040e-05
4.34051452429156e-05
3.59539835769296e-05
3.28596901636415e-05
3.35591268576269e-05
3.58130098652869e-05
3.34489453236900e-05
2.74295488178929e-05
1.97673670844645e-05
1.16824872188995e-05
5.32165564684435e-06
1.33792212979345e-06
0
-2.97930430738016e-21
4.31795920997914e-08
6.08948580817948e-07
2.78719608396432e-06
9.28243073096190e-06
2.46357104110609e-05
3.14881037671989e-05
5.40279819261486e-05
9.36361178643758e-05
0.000136587476140312
0.000116622485361098
0.000151211378443733
5.02229640174909e-05
0.000108849964407409
5.59187577966552e-05
5.50540282983784e-05
5.15725952033511e-05
4.37245815500650e-05
4.20414828710766e-05
3.55928617534610e-05
4.20241819475341e-05
3.62645027925406e-05
3.58194385055089e-05
3.73044566448055e-05
3.53322847303169e-05
2.89028934332689e-05
2.10350328543356e-05
1.24222005881531e-05
5.65373545642610e-06
1.41888673138911e-06
0
-1.67825368481102e-21
3.42233168291483e-08
5.49525748282485e-07
2.79609296268553e-06
9.56183980186901e-06
2.41598179222763e-05
3.40255017459399e-05
6.67038797606870e-05
8.85831687208384e-05
0.000109649167310652
0.000120679912424266
0.000115481806155793
0.000105956855773865
5.55321858938984e-05
6.45943115252147e-05
5.73988741475115e-05
5.43480679353901e-05
4.88266922077280e-05
4.06766006057451e-05
3.71912159953114e-05
3.38433624833287e-05
3.57467416687506e-05
3.70992579054705e-05
3.87456733123699e-05
3.72488457944131e-05
3.15368773379133e-05
2.22651145676100e-05
1.31745937151340e-05
6.05270884781048e-06
1.51775106875806e-06
0
-2.38264152439250e-22
4.29023809756417e-08
5.64097192532036e-07
2.83666604838184e-06
8.87890555031078e-06
2.20371080324046e-05
4.26821670969274e-05
6.25976662808228e-05
0.000104196244381446
0.000127872035676995
0.000146891029476534
7.21374023596930e-05
6.11568775822356e-05
7.89938157985258e-05
7.32974959576272e-05
6.06812211901603e-05
5.36869136072650e-05
5.37702971819853e-05
5.02992534730482e-05
4.05441848965261e-05
3.76336574718478e-05
3.39018964515843e-05
3.87661584616538e-05
4.12524684972880e-05
3.94425255583936e-05
3.33989510725252e-05
2.33119715298313e-05
1.42319376215762e-05
6.43207216958587e-06
1.62238479558698e-06
0
-3.70861104596430e-21
4.41832894414269e-08
6.81303162891328e-07
3.80387841106740e-06
1.12361772944394e-05
2.55169500942311e-05
4.61884208410105e-05
9.36146344263201e-05
0.000132662622801531
9.48298775474185e-05
5.69229272875757e-05
6.79593897088547e-05
0.000118814745759748
0.000119462619996794
6.31756447839334e-05
6.36768649845841e-05
6.12358869262507e-05
5.35549552578375e-05
4.35256513506986e-05
4.90264532015002e-05
3.97519890124082e-05
3.95018181044117e-05
4.08608763650056e-05
4.34433308014606e-05
4.19911378302801e-05
3.59321772751728e-05
2.54441127185130e-05
1.49532339454361e-05
6.96665978999112e-06
1.74901826759255e-06
0
4.07982498745005e-22
5.21842213309284e-08
7.37882794652099e-07
3.48369610456394e-06
1.08024753100272e-05
2.48033875428310e-05
4.99958476475570e-05
8.10081993641604e-05
0.000104045434393878
0.000131392538235772
0.000216603353318175
8.16792695887153e-05
8.18890232683474e-05
7.67133529690137e-05
7.91506337423946e-05
6.57027210392458e-05
6.08314066235203e-05
5.71711503798564e-05
4.84935062914147e-05
4.52321064010939e-05
4.60427415138308e-05
4.18344651028679e-05
4.35194081150167e-05
4.60713598313881e-05
4.47756656526146e-05
3.90285685065941e-05
2.82484887013930e-05
1.63019092962137e-05
7.42881161880463e-06
1.88080506179906e-06
0
-8.61912560402802e-22
6.57278135927507e-08
8.69589984559668e-07
4.15568138879469e-06
1.42550364253312e-05
3.69408960807983e-05
5.51414056727520e-05
8.76339817512258e-05
0.000128361891000049
0.000157878080954253
0.000188169516206499
0.000194053770067494
0.000108684428784547
7.40908429234631e-05
7.52296216338421e-05
6.93837398568450e-05
6.40605426129600e-05
5.99168064406900e-05
5.21295270756080e-05
5.06427802651757e-05
4.33143533257752e-05
4.14071116973904e-05
4.61786591948824e-05
4.86811575702387e-05
4.79696264848429e-05
4.01805923174329e-05
2.91898821717981e-05
1.77581927001783e-05
8.10001596340261e-06
2.03727811818419e-06
0
-7.13780624869119e-22
5.84536577014409e-08
8.39122564632112e-07
4.35375785607038e-06
1.35479748376944e-05
3.12230519841033e-05
6.05247843856333e-05
9.80012543566351e-05
0.000134203856907227
0.000153731376660199
0.000150001381082374
0.000126647882203033
0.000103459023352331
8.69063724769763e-05
7.88638189247375e-05
7.37505272664908e-05
6.89189898991707e-05
6.39206677471711e-05
5.84731898635074e-05
5.22434656332058e-05
4.71597695859753e-05
4.59480105889947e-05
4.90518827161374e-05
5.22211771246028e-05
5.14983833791889e-05
4.43541332281572e-05
3.28509926631430e-05
1.92968879571891e-05
8.76545846826709e-06
2.20970346671600e-06
0
-1.64660235540711e-21
7.58467998363580e-08
1.01884154646652e-06
5.07271258063024e-06
1.46047133707523e-05
3.41114438816334e-05
6.59174906755031e-05
0.000106052151131582
0.000145724905940846
0.000164402335320589
0.000155636040943741
0.000131456738459735
0.000105231901975541
9.10065939314520e-05
8.34795623425627e-05
7.83041563734782e-05
7.33665378897868e-05
6.82112629456862e-05
6.27002731348638e-05
5.63875067242886e-05
5.07813697617010e-05
4.95138787299618e-05
5.15564000999945e-05
5.56510787893470e-05
5.55420607997799e-05
4.77659092872167e-05
3.48062174619807e-05
2.09316051625823e-05
9.56174116486624e-06
2.41047733551774e-06
0
-9.16890432530761e-22
6.89284586421877e-08
1.03121855494828e-06
5.04182096645862e-06
1.51730402043423e-05
3.66348590986191e-05
6.96652837008365e-05
0.000116464417014334
0.000156152003463016
0.000174358142567176
0.000161948279589005
0.000136032804576609
0.000109499618439924
9.60951943487771e-05
8.88184610079101e-05
8.35097752378781e-05
7.83836502801565e-05
7.30531503414003e-05
6.72880558873899e-05
6.05963344416310e-05
5.46962830874527e-05
5.31067012599126e-05
5.52030823800670e-05
6.02066015466029e-05
6.01094892042515e-05
5.20228952271335e-05
3.80591925133391e-05
2.29326361020581e-05
1.04847694250847e-05
2.64276940801157e-06
0
-4.95861582752875e-22
8.24605251897844e-08
1.21276614896833e-06
5.68156586442676e-06
1.75535478504973e-05
3.95475478361593e-05
7.90165667917586e-05
0.000129666090310172
0.000170892360835598
0.000186947211987593
0.000172470304591740
0.000142086633397989
0.000116203822755399
0.000102063419700749
9.49034199604241e-05
8.94956403331999e-05
8.41744899654414e-05
7.85544324935476e-05
7.26038437023349e-05
6.57912132241637e-05
5.91685906853975e-05
5.65990919931799e-05
5.94853687258082e-05
6.47552732674432e-05
6.53113598908660e-05
5.69150170946845e-05
4.18122729483241e-05
2.52472041260441e-05
1.15529980508907e-05
2.91206200142367e-06
0
6.95240137612033e-22
7.86668474229588e-08
1.25163053113455e-06
6.59396426782571e-06
1.91076987305596e-05
4.54081227814590e-05
8.51472532296165e-05
0.000138660938426962
0.000184911354555767
0.000200888970898720
0.000183044209034099
0.000147546783416120
0.000122562251816953
0.000108821366753390
0.000101849164195633
9.63336172818119e-05
9.07799804901517e-05
8.49551766562454e-05
7.87381844343294e-05
7.16832096195309e-05
6.46196124505900e-05
6.09537667632586e-05
6.41949607537688e-05
7.02584467277491e-05
7.13231385195472e-05
6.25760498297223e-05
4.61695518201838e-05
2.79426964382020e-05
1.27975795883099e-05
3.22622601270448e-06
0
-2.83376233581828e-21
1.01550498729736e-07
1.47916652318768e-06
6.83248830919981e-06
2.13024049389755e-05
4.85827577325594e-05
9.52977303510412e-05
0.000150105586585571
0.000199039822690864
0.000214596841018918
0.000190678947117897
0.000154199600240212
0.000128400399621648
0.000116625333697124
0.000109993579876907
0.000104300149857042
9.85081888309338e-05
9.24435936643873e-05
8.59481140407947e-05
7.87960953450184e-05
7.04603802082974e-05
6.64944356811702e-05
6.92834880547458e-05
7.67444392728462e-05
7.82432270735739e-05
6.91469184810877e-05
5.12551450825241e-05
3.10921978608744e-05
1.42525002646707e-05
3.59400844665294e-06
0
-1.75776327339945e-21
1.19255500461724e-07
1.68316251171942e-06
7.96748333637900e-06
2.31298269637922e-05
5.39922272980404e-05
0.000107776885721274
0.000171883697657368
0.000219050437727813
0.000231159322870915
0.000203687094922198
0.000164700470526899
0.000137647170697983
0.000126036852076532
0.000119560388532517
0.000113693667044560
0.000107635317039010
0.000101270773478300
9.44028240683151e-05
8.68509462487992e-05
7.84384581879571e-05
7.32593641704084e-05
7.58135505186035e-05
8.38469242441998e-05
8.63734258507222e-05
7.68586300118616e-05
5.72403905475379e-05
3.48066430766307e-05
1.59699886948556e-05
4.02830807382838e-06
0
3.75897334322280e-21
1.36336752811290e-07
1.80201107808503e-06
8.68462657739837e-06
2.62919978244569e-05
6.25097374988148e-05
0.000110446814039297
0.000184167020193793
0.000240141490698678
0.000249298306773766
0.000214713949564262
0.000172646377975424
0.000147922075560759
0.000137446790214629
0.000130988284156304
0.000124912951866713
0.000118541585378858
0.000111921820974466
0.000104685650065065
9.61177674228862e-05
8.66159924044292e-05
8.14099843697649e-05
8.35595804501801e-05
9.21053649040213e-05
9.58913586165043e-05
8.59561670886640e-05
6.43274516394951e-05
3.92147487244877e-05
1.80105452402335e-05
4.54294874043228e-06
0
2.02375686279568e-21
1.02035418135364e-07
1.75006248974553e-06
9.26382294172283e-06
2.71325470422039e-05
6.71824078994829e-05
0.000129686127912369
0.000209721789095371
0.000264209417224759
0.000265239172864226
0.000223824858488271
0.000183802482831324
0.000161304030731219
0.000151082161479872
0.000144769759767930
0.000138481950200180
0.000131797825010868
0.000124756188124170
0.000117300814513554
0.000108876710618107
9.80833473957414e-05
9.21410788866042e-05
9.34624086615479e-05
0.000102047956313191
0.000107222797779887
9.68027422869235e-05
7.27995976199117e-05
4.44967428180702e-05
2.04558990595691e-05
5.16158651777674e-06
0
1.08521267211722e-21
1.22426271031749e-07
1.85748030830351e-06
1.00534058058249e-05
3.32792927056471e-05
7.83850607240000e-05
0.000149563665568202
0.000235129999139146
0.000290446384087873
0.000291349736719860
0.000243620454804533
0.000200919533346200
0.000177403677535479
0.000167971247467299
0.000161730086480854
0.000155251946115637
0.000148200791074369
0.000140754314389617
0.000132693142062223
0.000123390576225661
0.000111411573149072
0.000102654995515416
0.000104577438839344
0.000114934282012063
0.000120869966118360
0.000109825298627806
8.29992806983350e-05
5.08610299392803e-05
2.34044132983595e-05
5.90846089322026e-06
0
-1.79015386871101e-21
1.67168503177900e-07
2.40056643680265e-06
1.19684431412439e-05
3.61421026844606e-05
8.86900022286856e-05
0.000168019888891500
0.000268905680419711
0.000325857808498324
0.000317295835143834
0.000264624538582590
0.000221130493337984
0.000197380180828223
0.000189093202061515
0.000182832559845029
0.000176126325701043
0.000168715621721792
0.000160755321669124
0.000152138170813893
0.000142502292779750
0.000129299298990155
0.000119698695737217
0.000119339844379286
0.000130617627207289
0.000137425080725156
0.000125644333154859
9.54047509307760e-05
5.86138738559872e-05
2.69995534393169e-05
6.81814630136039e-06
0
1.91619159755914e-21
1.92777391991224e-07
2.76618158511829e-06
1.34766214592967e-05
4.23066187310184e-05
0.000103366272536656
0.000202199213884875
0.000304107909116167
0.000364812712901983
0.000350700198434147
0.000291505661019320
0.000242618067227256
0.000222962996918956
0.000215754126927855
0.000209478836134446
0.000202580009731677
0.000194732669707551
0.000186201081127760
0.000176934615102087
0.000166333867932975
0.000153476224633499
0.000142221662147478
0.000139828958619182
0.000149814977484211
0.000157870835390248
0.000145065112920834
0.000110651020593665
6.81502576214742e-05
3.14225516211581e-05
7.93743191613914e-06
0
3.14040699392999e-22
2.09521337400746e-07
2.96528151089037e-06
1.58058067683593e-05
5.19140598545211e-05
0.000123436517704817
0.000233204476022035
0.000349640222387158
0.000410665570819572
0.000384289687790085
0.000319723993221320
0.000271977604965192
0.000255993872529759
0.000249598794001549
0.000243593122921644
0.000236366889790467
0.000228150784149573
0.000218937964415130
0.000208776059315211
0.000196868501646328
0.000183313150382666
0.000166983443574627
0.000163628326375863
0.000174548119027620
0.000183309231908177
0.000169176972995855
0.000129567532840539
7.99917431114632e-05
3.69189796492554e-05
9.32783602635117e-06
0
-1.54228803097121e-21
2.72492392377193e-07
3.84599283493571e-06
1.78794850342974e-05
5.82585919373389e-05
0.000142045113919307
0.000267250622394480
0.000411757984367585
0.000470965239756955
0.000430990436205155
0.000354022996448556
0.000311532774043235
0.000298342030131980
0.000293170591515525
0.000287363660068701
0.000280028512449544
0.000271311696097775
0.000261306689480301
0.000250079730904448
0.000236960965508915
0.000221267395766996
0.000202268905306509
0.000194484506836751
0.000205234637519253
0.000215487928937467
0.000199431145223495
0.000153276733825326
9.48433698957498e-05
4.38179894937864e-05
1.10694605656325e-05
0
1.82230550204522e-21
2.97123911908447e-07
4.28158980505974e-06
2.27336599131918e-05
7.36940788017506e-05
0.000173934957503318
0.000325846401410753
0.000485494009561281
0.000534040647679181
0.000482791458366688
0.000404673055425856
0.000363987562140221
0.000353312689343021
0.000349365027409288
0.000343912743745598
0.000336544499494784
0.000327394950189563
0.000316520596047830
0.000304056613681298
0.000289543757043011
0.000271267174139116
0.000249865589357751
0.000238315341428614
0.000246636276113880
0.000256695236284898
0.000237810723333688
0.000183315387299348
0.000113653252238554
5.25485016419177e-05
1.32819978867899e-05
0
3.64574888623331e-21
3.75520197976167e-07
5.51858023086078e-06
2.90792482078090e-05
9.09657918147269e-05
0.000214466997095012
0.000396124465027817
0.000572168149660559
0.000624203305463672
0.000549833539442911
0.000461553236041234
0.000429432724811044
0.000424070891127876
0.000421588511595696
0.000416968364189443
0.000409822784178216
0.000400358222023261
0.000388512169513690
0.000374663591167678
0.000358360126526000
0.000337909588289788
0.000311786341753881
0.000294881566174738
0.000301566144181069
0.000310119526493173
0.000287083211089904
0.000221736216904254
0.000137703609820447
6.37161335622045e-05
1.61042614240917e-05
0
1.60674428589352e-22
5.01728273335934e-07
6.86980243473980e-06
3.50817776517649e-05
0.000111327872493453
0.000268058624983874
0.000484358665390970
0.000691543301764684
0.000722132307795252
0.000628531962899019
0.000542465656913940
0.000516071871325645
0.000514399534890144
0.000514058537531918
0.000510686443444543
0.000504309808997707
0.000494704299699723
0.000482362713361059
0.000466979580866647
0.000448594799308695
0.000425525647093636
0.000395783686078707
0.000373835457104395
0.000373184559142850
0.000380224121325752
0.000351016379606722
0.000271418750477990
0.000168763611253536
7.81303433764253e-05
1.97546725178852e-05
0
8.40021599489270e-21
5.74178240060893e-07
8.54433262157998e-06
4.47824997068784e-05
0.000144681346347206
0.000328809881364815
0.000619056002125637
0.000829835357808276
0.000847864293343045
0.000724095508885985
0.000641229545040146
0.000625205765284749
0.000628498709364990
0.000631009220263929
0.000629876732541471
0.000625037459293241
0.000616447273695223
0.000603837883187484
0.000587407442307226
0.000567099494400970
0.000540543209002132
0.000508470236416528
0.000478737246274676
0.000470004040816052
0.000473177423136012
0.000434882334472335
0.000336264056116405
0.000209239919828488
9.69120139315197e-05
2.45012763933534e-05
0
1.94754380988704e-21
8.67641032825272e-07
1.19596317187032e-05
6.00894346443860e-05
0.000185998329266510
0.000443776279493054
0.000761743708489965
0.000992308571025730
0.00100143403071251
0.000847582078489036
0.000764924188690565
0.000760283133275244
0.000769275125232840
0.000776279779714761
0.000778898249419770
0.000777379747362633
0.000771132523300612
0.000759778024349928
0.000743458087513562
0.000722005392548385
0.000693687914628152
0.000654673813303033
0.000617181406925210
0.000603371194138355
0.000598000958313287
0.000546171703580832
0.000421785533898915
0.000262497961672259
0.000121607124853106
3.07444990932790e-05
0
5.39961371791103e-21
1.14875368621021e-06
1.60005267148002e-05
8.19257787514747e-05
0.000252184827785159
0.000547751813187455
0.000982277106227414
0.00122195397799066
0.00116065888713966
0.000975566052681791
0.000917553100807535
0.000922745868326805
0.000938998502932354
0.000951978455968312
0.000961299725657929
0.000965747777886897
0.000964275339398223
0.000957302364701315
0.000943754922246472
0.000923618740423789
0.000894859510623562
0.000854996770082478
0.000811144833321071
0.000783275663922904
0.000767490104437189
0.000695526953652877
0.000535701005542106
0.000333225907096952
0.000154357059397194
3.90368749448373e-05
0
6.26040012463041e-21
1.53624793773946e-06
2.15831218345894e-05
0.000104796060850382
0.000334832613503540
0.000729251828213745
0.00121413834339388
0.00145113723467172
0.00133413660071734
0.00114099966131395
0.00109053300654963
0.00111051857926287
0.00113578094612302
0.00115794030810710
0.00117711789946217
0.00119173373485496
0.00120060647041463
0.00120285162995211
0.00119684632164123
0.00118269958717644
0.00115865530029336
0.00111509502611233
0.00107219299330422
0.00103197651334614
0.00100009170133208
0.000898162314114560
0.000688868033381984
0.000427890248832878
0.000198117866315759
5.01068131283133e-05
0
-1.42059725760522e-20
1.87574052534886e-06
2.75059525305632e-05
0.000141927191654229
0.000429829531998884
0.000979224319260883
0.00151305646760914
0.00171926913037970
0.00151789866704047
0.00130724549167882
0.00128342586174411
0.00131575559638892
0.00135233374565571
0.00138736375200355
0.00142121104011035
0.00145275739772381
0.00147930956466420
0.00149888773733458
0.00151004828765247
0.00151129895333876
0.00149925717361218
0.00146462901587770
0.00142037607240507
0.00137584405920772
0.00132200116392896
0.00117548908653104
0.000896113354380051
0.000555100228049943
0.000256812325298740
6.49061930499023e-05
0
-1.63250377381318e-20
2.78442149264816e-06
3.94072269393290e-05
0.000196380439049290
0.000590394025741948
0.00124348354550392
0.00188556677917932
0.00199528074973634
0.00168248394400800
0.00147434776361077
0.00147921064028751
0.00152434722627483
0.00157307024306855
0.00162529343644393
0.00167999261775509
0.00173621814225388
0.00179114451214926
0.00184103506325142
0.00188423096011960
0.00191608262153703
0.00193173699008324
0.00192466659654129
0.00189007400753055
0.00184894510958805
0.00176971762510770
0.00155734596350806
0.00117749215337682
0.000726397110468788
0.000335489816388119
8.48100338166035e-05
0
1.37244349344472e-20
3.87416350355772e-06
5.35769227862516e-05
0.000264639925473876
0.000775598242018535
0.00155987913055815
0.00228444643502765
0.00222753611253947
0.00181311004822024
0.00163490333166741
0.00165768050492640
0.00171112926471108
0.00177300077827655
0.00184411620333978
0.00192536283703442
0.00201498320947153
0.00211115122375657
0.00220949524551950
0.00230617070219272
0.00239264896938396
0.00246415298964585
0.00250827666344807
0.00252103251484183
0.00249452773779234
0.00238986674352845
0.00208123654926686
0.00155670928260362
0.000954246139575507
0.000439655186099803
0.000111022961102608
0
-7.75091591548371e-22
5.04872098561385e-06
7.24382137198046e-05
0.000346829488977496
0.00102023032954557
0.00196913403795305
0.00270860005134081
0.00246300494553287
0.00188985478687240
0.00175768439651377
0.00179124499748199
0.00184541227334692
0.00191362148081334
0.00200077183587185
0.00210933785730610
0.00224046797656896
0.00239141363310914
0.00255931620585092
0.00273643817605981
0.00291281203617064
0.00307983521916660
0.00322018237872322
0.00331408690046127
0.00335555130956747
0.00323282789638269
0.00278660000687761
0.00205517317869241
0.00124826037825178
0.000572960855801807
0.000144525995607975
0
-3.60002574570046e-21
7.01645382051969e-06
9.88564569668139e-05
0.000463854752577516
0.00134093443683883
0.00254848570992535
0.00308382080909718
0.00250863165392909
0.00192130912665788
0.00182534371708774
0.00184839626005158
0.00188657221831436
0.00194726036588911
0.00203901566252135
0.00216827412774635
0.00233942836896352
0.00255305391117577
0.00280596008914767
0.00309163566588703
0.00340029747303574
0.00371533896827780
0.00401305417880413
0.00426800703122067
0.00444032915698140
0.00432674330332656
0.00368981622503840
0.00267047911596044
0.00160034910007463
0.000730204812707681
0.000184046054484518
0
-2.05267260219714e-20
9.79018512471703e-06
0.000135858121894827
0.000615757931874202
0.00171116908484957
0.00314159862132989
0.00343498886661449
0.00256127598242549
0.00189756479648682
0.00181695365149107
0.00179797659857211
0.00179403045285246
0.00182188718467257
0.00189356497700013
0.00202265098153857
0.00221810621201330
0.00248632757726879
0.00282778932826592
0.00323955348024024
0.00371174334296784
0.00422474361988846
0.00475459403562532
0.00526087055516048
0.00567832638998775
0.00561501780480961
0.00472380228219585
0.00332761685128055
0.00195311248331344
0.000882981145409231
0.000221916180536122
0
-2.29179860814027e-20
1.28976713671941e-05
0.000182492050412497
0.000867130135319629
0.00228143329604870
0.00379377924271891
0.00370515886313104
0.00239833776560590
0.00183958549830095
0.00171652490983266
0.00161617111500334
0.00153187066370145
0.00148703599929785
0.00150177670561784
0.00159596859210146
0.00178033849574889
0.00207013415036575
0.00247414913955822
0.00299538200237932
0.00362983724841047
0.00436415441135402
0.00517399857241705
0.00601658387410850
0.00677383206311031
0.00684228038187303
0.00562459737807105
0.00378945637067386
0.00214605438111723
0.000954013564365504
0.000238927014239408
0
1.05796869380207e-19
1.75966504679795e-05
0.000251731465031273
0.00118196179739105
0.00313877900452442
0.00475159862037503
0.00387310572550985
0.00219628086120386
0.00173650076002728
0.00151198332351412
0.00128069849642405
0.00106748193271303
0.000906720777433386
0.000819943002317327
0.000828987797575931
0.000955698458732994
0.00121228683051779
0.00161936960704349
0.00218245605188380
0.00291097022264668
0.00380884340558244
0.00485519426996432
0.00603746393628246
0.00722298335224646
0.00743312570988749
0.00580246261584964
0.00356428936842360
0.00186390320479907
0.000796252066947149
0.000197419801246736
0
-5.30570544777020e-19
2.68452649358727e-05
0.000370065733904626
0.00169560359694172
0.00424585502292506
0.00574801463214483
0.00395128312263560
0.00214422274842185
0.00159215721405419
0.00118738094203826
0.000764156654928502
0.000373995297844784
5.36319164033867e-05
-0.000172861186308297
-0.000286073288255570
-0.000267284569813761
-0.000104606584195287
0.000212600367513986
0.000706404121124589
0.00139203845978543
0.00229094296647918
0.00339822348176086
0.00472484815538887
0.00624962925801667
0.00653380352679016
0.00437881945521297
0.00195926139750976
0.000686290292212265
0.000218681279855530
4.93878698858159e-05
0
-1.72916124329061e-19
4.11917588897252e-05
0.000569044948509745
0.00257836791385132
0.00609619643896033
0.00710150388964112
0.00387953394541305
0.00202709981698232
0.00135742464763780
0.000683778439446823
1.36224633658356e-05
-0.000591679368845843
-0.00109135281443727
-0.00146816941102394
-0.00171040573576965
-0.00182428051103206
-0.00180387042164850
-0.00164700130181654
-0.00134216713416096
-0.000876578426463893
-0.000215155790369919
0.000653222237151874
0.00174996088914014
0.00326684834678630
0.00346011608409317
0.000653261051204158
-0.00152512776672520
-0.00165651710936270
-0.000894306469174267
-0.000233984728073536
0
1.27625281183489e-19
6.69315917894407e-05
0.000915151360745805
0.00405051412369568
0.00853533278035393
0.00815737553289955
0.00372690492832951
0.00192600994897544
0.000920495569345293
-0.000118922874307630
-0.00108432742093868
-0.00190407021872574
-0.00254817508923369
-0.00303151023357659
-0.00336436295453443
-0.00358609417844509
-0.00371242544902086
-0.00375619434643899
-0.00371236116352425
-0.00359650904833615
-0.00337654792455018
-0.00304769392238296
-0.00258499848011267
-0.00148002630552644
-0.00153617234150224
-0.00513986779247996
-0.00663109489290262
-0.00495342975542361
-0.00243429661392034
-0.000622996311593532
0
-3.28713960745003e-19
0.000114545436432524
0.00156582995597252
0.00674927411912633
0.0127456041609751
0.00885710745920956
0.00328535147757584
0.00161186430165044
2.46677586617974e-05
-0.00146171407426351
-0.00269780532979502
-0.00363926686119347
-0.00431177687265791
-0.00479015981646524
-0.00512969818702399
-0.00539325369883568
-0.00562263758807071
-0.00584776740184512
-0.00607803892026185
-0.00633594505661892
-0.00661198421513658
-0.00693849888680326
-0.00732466067308868
-0.00690735721914045
-0.00696804526444263
-0.0116815041424932
-0.0123630322242609
-0.00859056047371701
-0.00411630119940436
-0.00104921032914170
0
7.00552910805989e-19
0.000210335255854373
0.00281020946394958
0.0115442715034587
0.0181805218939135
0.00896042488674076
0.00306270142354544
0.000513443545573555
-0.00183171307862329
-0.00370122634072947
-0.00501286751501763
-0.00584689080314150
-0.00632744949016807
-0.00663013118678352
-0.00685043975123433
-0.00707149411414642
-0.00734762670927678
-0.00770731671671417
-0.00815792826129808
-0.00871757088498492
-0.00940197215386025
-0.0102393229249399
-0.0113130630825562
-0.0116491529199287
-0.0108686605120367
-0.0176189207412537
-0.0178657584268694
-0.0120625963475128
-0.00571350967351080
-0.00145207753305853
0
-1.03246729674753e-18
0.000430797442050496
0.00568522385213501
0.0207303806598350
0.0239212802386561
0.00756921405376214
0.00152383858142822
-0.00235359815192695
-0.00536037597352627
-0.00719858401246565
-0.00808901779419104
-0.00839597196787466
-0.00842719868754743
-0.00837553302715016
-0.00837254389851063
-0.00849362713809602
-0.00876371930009113
-0.00920494412760174
-0.00981648864140807
-0.0105958998539391
-0.0115269435985834
-0.0125971595065836
-0.0138988555171952
-0.0147837543624837
-0.0119396218825583
-0.0229426003127560
-0.0230130671918515
-0.0150954899176710
-0.00705537888158307
-0.00178675378916012
0
-7.05447541763319e-19
0.000979069723568552
0.0123627066876400
0.0390907998554640
0.0264305362120350
0.00387519393461463
-0.00351516324837354
-0.00860891143178418
-0.0111908263126165
-0.0119070741085734
-0.0116126719705508
-0.0109662307564037
-0.0103227840148183
-0.00984615984935987
-0.00958776925473832
-0.00957486582337101
-0.00981805489687690
-0.0103085548136773
-0.0110389612011285
-0.0119864319434885
-0.0130917776768350
-0.0142432478283180
-0.0153175058651553
-0.0165830553981281
-0.0100641668049787
-0.0298774892380429
-0.0277855455827583
-0.0167130312054334
-0.00750341237573750
-0.00188056121272379
0
1.02862614364564e-17
0.00261214826059106
0.0311739592433093
0.0704977988512724
0.0187184513040089
-0.00663433715753685
-0.0160508640722428
-0.0193956163594837
-0.0189237654774801
-0.0170099502214272
-0.0149144316897974
-0.0131310448477084
-0.0118001143774820
-0.0109108634236159
-0.0104270819739638
-0.0103025474044606
-0.0105105227642239
-0.0110346754952310
-0.0118598032139158
-0.0129614228951576
-0.0142793572949322
-0.0156040841196542
-0.0164454073931923
-0.0180985032903103
-0.00564537619793427
-0.0435164002749334
-0.0301006781700390
-0.0137756542372951
-0.00534896456783394
-0.00128733293253377
0
-4.42586554336498e-16
0.00845054162009527
0.0901127966312304
0.0967133583047021
-0.0147066296574788
-0.0349324426863831
-0.0377654644222427
-0.0326896042246740
-0.0264579628346858
-0.0212515124997014
-0.0173390459054610
-0.0146057537540553
-0.0127518580508720
-0.0115740578451318
-0.0109317188037412
-0.0107321843449465
-0.0109191567858722
-0.0114621454573872
-0.0123516619743945
-0.0135875941146784
-0.0151536419065981
-0.0169566840417852
-0.0183887791867638
-0.0199454748758852
0.00130251857312353
-0.0657831497653271
-0.0172738644554211
0.00119614740652883
0.00239883841534294
0.000697324356325873
0
-4.85589327779180e-16
0.0446048800075581
0.286781188947156
-0.0113102558337397
-0.0983447005696018
-0.0838188278557091
-0.0609192873414927
-0.0433649664617193
-0.0314956554277680
-0.0237611918318594
-0.0187074375996201
-0.0153878027747284
-0.0132356200221236
-0.0119031870157731
-0.0111795242221770
-0.0109402397791026
-0.0111148419789017
-0.0116697052757730
-0.0125963595061573
-0.0139126556324652
-0.0156720879979982
-0.0180028590604258
-0.0210911441389611
-0.0253817969618468
0.00547743674793141
-0.0456689990137507
0.0398211538867138
0.0326620937575667
0.0156430698287851
0.00398967326983565
0
-8.46572524723028e-15
0.462044514434685
0.195705873939416
-0.369250567092450
-0.213270547391388
-0.122384596747201
-0.0744560044230452
-0.0485410791250907
-0.0337267140983455
-0.0248220244503540
-0.0192489109672149
-0.0156953715277433
-0.0134236232426581
-0.0120299531644852
-0.0112740090055373
-0.0110192109961889
-0.0111895283121473
-0.0117484328523222
-0.0126905253482874
-0.0140424508415054
-0.0158929969183939
-0.0185227016099407
-0.0228880843020319
-0.0331257714499364
-0.127456904278653
0.157276618480830
0.111780544747632
0.0575920898250848
0.0247124168171456
0.00612840667988392
0
6.91614788955672e-15
-0.659322059924277
-1.50638258234419
-0.593895611842613
-0.258484114420209
-0.133206147533147
-0.0776791636837273
-0.0496886676671532
-0.0342107565641310
-0.0250423074555466
-0.0193636870072343
-0.0157583504896118
-0.0134634796737283
-0.0120558316167010
-0.0112933013106484
-0.0110353502604827
-0.0112047334844169
-0.0117642381255255
-0.0127093232840825
-0.0140676164648879
-0.0159399983946053
-0.0186393377405937
-0.0233276484829035
-0.0348779810172806
-0.167309737148991
0.327270436531374
0.133938566428042
0.0630653682158092
0.0264916579484817
0.00654863938524526
0
1.63232586831587e-14
-1.13598658288830
-1.99187484634228
-0.634112359861465
-0.265560623991002
-0.134738909915527
-0.0781367712320478
-0.0498438063045189
-0.0342770495890089
-0.0250733038480604
-0.0193813956220645
-0.0157665674863758
-0.0134690303160834
-0.0120593896252321
-0.0112960006392686
-0.0110375654014523
-0.0112067821095323
-0.0117664617096151
-0.0127119066892832
-0.0140708664372749
-0.0159461478414992
-0.0186559550872166
-0.0233895914604804
-0.0350252246595011
-0.146908661856374
0.359663871581427
0.136916308140707
0.0636866818072264
0.0266830886723540
0.00658969677156630
0