2.46083050658005e-05
6.70531841283648e-05
0.000265800534638479
0.000587959227236782
0.00101703865986852
0.00152334166468027
0.00204519004765237
0.00249421303916709
0.00265622826622046
0.00255125322715763
0.00192698694853990
0.00103548806178423
8.43309044490221e-05
-0.000344788487456057
-0.000767110847646339
-0.000834470641226947
-0.000843100245263137
-0.000829925366959533
-0.000769743595988588
-0.000695042818400468
-0.000630876886515212
-0.000662543622846611
-0.000821644843533336
-0.00108651813057766
-0.00138512134027141
-0.00164142435847095
-0.00181529513275239
-0.00190733639043129
-0.00194361020123540
-0.00195217323510476
-0.00195293508380917
2.46282445476360e-05
6.71071814538571e-05
0.000266005673865917
0.000588545538287126
0.00101729681648039
0.00152488941639626
0.00204683211776399
0.00248191481176644
0.00266462910273434
0.00253434563131806
0.00191792731738805
0.00103099981281649
6.40733498166873e-05
-0.000394780986346509
-0.000788332656445529
-0.000835559519400422
-0.000838077870909832
-0.000829246154760821
-0.000770166738144468
-0.000697395102589377
-0.000629137057034035
-0.000662543229658988
-0.000824325414026606
-0.00108552425382796
-0.00138554366528981
-0.00164182145742113
-0.00181668273369271
-0.00190835497187113
-0.00194465832001504
-0.00195324183332987
-0.00195401542727014
2.46811893820774e-05
6.72553825652620e-05
0.000266617849699313
0.000589408855926388
0.00102114032856255
0.00152751868095080
0.00205647542092240
0.00246716328190929
0.00268309434024693
0.00250078840014007
0.00189064983127607
0.00101792686185397
4.89067333788629e-05
-0.000429954489149959
-0.000791434550981632
-0.000838751411515949
-0.000836438146135650
-0.000827209886007684
-0.000779410158095828
-0.000682643585363456
-0.000629848797966615
-0.000665124919918177
-0.000820156387148082
-0.00108523437683512
-0.00138687033680099
-0.00164316201858088
-0.00181893122569985
-0.00191110249665336
-0.00194775404800871
-0.00195644117216275
-0.00195725773168747
2.47819053622363e-05
6.75516719791664e-05
0.000267765600365681
0.000592251982073172
0.00102407174776223
0.00153694910231687
0.00205950591565506
0.00246001436402914
0.00269774982202518
0.00254096815845704
0.00186887152222528
0.000920025199632679
6.09540640989455e-05
-0.000484431013803927
-0.000721658395998202
-0.000818934792460832
-0.000863036001432604
-0.000827697704883966
-0.000764940279892326
-0.000689629912136405
-0.000629259714575630
-0.000663049054783159
-0.000817092087168405
-0.00108736525265115
-0.00138896479591909
-0.00164819302807864
-0.00182104926126119
-0.00191638676301420
-0.00195308643072750
-0.00196181339798961
-0.00196266824566224
2.49457177063041e-05
6.79475592122473e-05
0.000269300994272631
0.000595305877316578
0.00103015933502869
0.00154217443902799
0.00206929514476220
0.00250002608561542
0.00271723282327033
0.00245222581312224
0.00178943005824286
0.00105283903975138
0.000117420303171277
-0.000339510755655356
-0.000656457503127251
-0.000873024062302087
-0.000858235241015264
-0.000818473990310515
-0.000776633442425895
-0.000704694093729449
-0.000640566978225814
-0.000662785074229871
-0.000820273389698170
-0.00108751324546719
-0.00139190689200144
-0.00165236756533067
-0.00182920452381177
-0.00192334214034710
-0.00196057373791140
-0.00196936286033849
-0.00197019606929477
2.51268683985604e-05
6.84585417550017e-05
0.000271339512214697
0.000599965554965233
0.00103857133880116
0.00155436388254198
0.00208379520622732
0.00254104440290148
0.00272467041399212
0.00251826968033773
0.00193411983450165
0.00123835407780275
2.48573332270824e-05
-0.000417733870835137
-0.000658417668421145
-0.000861570784264549
-0.000851516862897678
-0.000833371939463748
-0.000770195918322098
-0.000686495450192352
-0.000637484826573616
-0.000662429138674132
-0.000819876707762091
-0.00108963139591879
-0.00139577849803295
-0.00165858123663563
-0.00183704773207132
-0.00193271187833987
-0.00197033779602519
-0.00197917361768417
-0.00197997165412789
2.53425259919529e-05
6.90512944875877e-05
0.000273602938976460
0.000604687045449630
0.00104775684198211
0.00156602446246622
0.00210433797548759
0.00254279103812498
0.00273758131340247
0.00253820767094016
0.00187740597402663
0.000962130160201662
0.000155951208654098
-0.000409958983818508
-0.000854988264101868
-0.000793661662415682
-0.000852281815184943
-0.000830820414471486
-0.000771135223031168
-0.000700599925222181
-0.000633068576034005
-0.000661750483731619
-0.000818348952975523
-0.00108994720808864
-0.00140054106943653
-0.00166597614563650
-0.00184820151882778
-0.00194335790325809
-0.00198232273083635
-0.00199119268424712
-0.00199210458832415
2.55573197650192e-05
6.96811774661687e-05
0.000276248397957252
0.000611146297633943
0.00105681461062743
0.00158036453378623
0.00212385095316400
0.00256822016692927
0.00279744894539071
0.00255629853102519
0.00188343434720024
0.00100125665912117
9.56338679627434e-05
-0.000552737665583386
-0.000730290003453961
-0.000853726866481902
-0.000880375241561977
-0.000832335779888392
-0.000780490895169824
-0.000704632658793543
-0.000632100151663598
-0.000661038445125134
-0.000817910352292070
-0.00109249202288003
-0.00140608067425164
-0.00167657341836922
-0.00185884434735558
-0.00195787896665838
-0.00199654911925109
-0.00200564652886324
-0.00200647698400836
2.58651490583467e-05
7.04678565255663e-05
0.000279232694070362
0.000617417903612844
0.00106763345468642
0.00159795386053063
0.00214668324485481
0.00261272641035127
0.00277873953362473
0.00252942848945515
0.00188826333453077
0.000994118934204410
-1.48872350492587e-05
-0.000527712912276161
-0.000775520816135100
-0.000823751582156155
-0.000877234374288117
-0.000834558163856020
-0.000769861488447882
-0.000691918915002679
-0.000644239101840402
-0.000658906199912076
-0.000817240319960423
-0.00109521912985061
-0.00141246288770258
-0.00168667732355247
-0.00187413672490078
-0.00197383766451592
-0.00201307609526773
-0.00202243151376831
-0.00202333880018159
2.61947765842592e-05
7.13838352737639e-05
0.000282930614537688
0.000625723460148131
0.00108390774837494
0.00162160444035149
0.00217109997159903
0.00262981249503120
0.00281477557951063
0.00258546093661869
0.00196230899324507
0.000931989278599699
0.000126441984730482
-0.000461002512147838
-0.000757026189025883
-0.000901670487210304
-0.000878635178213624
-0.000833014457917487
-0.000784025506732026
-0.000708042695592778
-0.000637626864192899
-0.000658969252532383
-0.000816482748529059
-0.00109679088702463
-0.00141987003442744
-0.00169943546802820
-0.00189107081907309
-0.00199188305575748
-0.00203227454710362
-0.00204178694540316
-0.00204268826486846
2.66117371000960e-05
7.24860175531993e-05
0.000287303152221916
0.000635403335847799
0.00109973343168286
0.00164685217884884
0.00221274511839301
0.00266294999713723
0.00284232421470644
0.00259192055392815
0.00185425151401230
0.000964828409860043
9.84311118298548e-05
-0.000449158651599351
-0.000856263192969395
-0.000855061336992939
-0.000879579209133926
-0.000846537172312604
-0.000787195967683350
-0.000698947841079574
-0.000641442522961912
-0.000658545124273884
-0.000814500198789544
-0.00109874713116456
-0.00142806175744792
-0.00171388101421638
-0.00190909990308871
-0.00201282208699592
-0.00205394991940970
-0.00206372342002164
-0.00206468123478460
2.70402029753443e-05
7.37113144658019e-05
0.000292189836421304
0.000646385209334702
0.00111851229954465
0.00167343964236506
0.00224031529092083
0.00272225990242802
0.00288610149279209
0.00263321749051569
0.00191276280351111
0.00104999923087740
4.65722219806992e-05
-0.000239219026508247
-0.000854539732929623
-0.000870016545214780
-0.000861809507144680
-0.000852452526131580
-0.000803127663495267
-0.000710336333429597
-0.000637832291602492
-0.000657192533060631
-0.000813958429050057
-0.00110207377966729
-0.00143722693383255
-0.00172935936385680
-0.00192951223508034
-0.00203613063402737
-0.00207843079214933
-0.00208839853733580
-0.00208935693005899
2.75482308779781e-05
7.50320587971086e-05
0.000297420107746609
0.000657772480326052
0.00113789103460655
0.00170243844226214
0.00227420449659301
0.00276296231513012
0.00292148947722590
0.00265209036174884
0.00190757229066442
0.00103879325925097
8.34381496386066e-05
-0.000562051321169733
-0.000859956950672422
-0.000848272137809562
-0.000890131699779681
-0.000854735969223709
-0.000803941494168758
-0.000715098745329790
-0.000644498590722622
-0.000654210272023857
-0.000813069207046668
-0.00110460864578255
-0.00144731208966515
-0.00174708816926316
-0.00195250718159439
-0.00206238516676808
-0.00210569779017422
-0.00211597781629613
-0.00211698293871118
2.80848572611991e-05
7.65532309341459e-05
0.000303481718852715
0.000671269920330188
0.00116073201998771
0.00173848612352374
0.00232458234957007
0.00279652691672142
0.00298125830484911
0.00268640559218880
0.00204604052859420
0.000949812263129495
-8.77712900036316e-05
-0.000558868276565128
-0.000834234009000298
-0.000913491708824910
-0.000885102220045195
-0.000870039496604036
-0.000821279275159192
-0.000722789509510404
-0.000642413063591527
-0.000654591899515240
-0.000809728671712962
-0.00110795389445971
-0.00145824099828908
-0.00176638824739121
-0.00197841328951841
-0.00209135750953606
-0.00213609361995644
-0.00214665039897206
-0.00214762592625532
2.86839803246338e-05
7.82112375842830e-05
0.000309947668586884
0.000685444806948922
0.00118568613741187
0.00178014877122310
0.00237480825456872
0.00284281087643509
0.00303386460010838
0.00270620327039324
0.00187886509399794
0.000827607187926859
-5.83554304266048e-05
-0.000559192161072138
-0.000790623357034169
-0.000913723559962877
-0.000899150142394087
-0.000868864222901712
-0.000812301526827348
-0.000735421179158387
-0.000648090897596659
-0.000651042367866743
-0.000808077961097129
-0.00110988584953876
-0.00147015531239459
-0.00178770575153743
-0.00200687511983784
-0.00212285155427675
-0.00216940548552776
-0.00218045664536352
-0.00218154719350385
2.93783840454556e-05
8.00672899422872e-05
0.000317316998780579
0.000701695580244062
0.00121497846877049
0.00181339928999300
0.00242110587291131
0.00290872929427564
0.00306451917542711
0.00271503769326099
0.00191175187271672
0.000819484723108610
-6.34945074153744e-05
-0.000676092192131946
-0.000816064892841544
-0.000926762911224427
-0.000911318423017556
-0.000873466065003302
-0.000800772869755829
-0.000717414193729142
-0.000647772775876635
-0.000649297802118123
-0.000805041103920974
-0.00111325981328132
-0.00148294367533598
-0.00181210719774426
-0.00203626292894338
-0.00215821875733860
-0.00220653901484624
-0.00221779329682266
-0.00221884165834180
3.00867259076784e-05
8.19972074631458e-05
0.000325094447262819
0.000718861692577876
0.00124453743388508
0.00186005251505849
0.00249032947558122
0.00297564683095771
0.00313507672986721
0.00277003736516434
0.00198018005882295
0.000809192978505790
-3.36113451303613e-05
-0.000619110246446946
-0.000860440035624811
-0.000954539618471741
-0.000912260869753624
-0.000891891562234256
-0.000826935505657891
-0.000730958710986408
-0.000656234417266209
-0.000646570198656592
-0.000804430458220501
-0.00111616107596931
-0.00149668249985782
-0.00183459533849157
-0.00206955647189026
-0.00219663770891109
-0.00224678185852000
-0.00225871376992180
-0.00225987168533146
3.09154827958605e-05
8.42622012955062e-05
0.000334022253698851
0.000738799991447573
0.00127877884640043
0.00190781826716672
0.00255612810292333
0.00304928479683667
0.00318819508106340
0.00274415770805509
0.00176249169151922
0.000765341159947789
-6.56541400828285e-05
-0.000706003626136494
-0.000825073115589780
-0.000949352953465170
-0.000915214450036282
-0.000896957740308285
-0.000841062599902722
-0.000742395527558254
-0.000658195777371034
-0.000647008922095449
-0.000800968041018252
-0.00111971540997057
-0.00151135948882475
-0.00186376316969819
-0.00210794426212927
-0.00223891800923260
-0.00229132194858035
-0.00230364700314553
-0.00230481263256164
3.18495172309356e-05
8.67386042108318e-05
0.000343787144318106
0.000760646644197006
0.00131688450301199
0.00196430094431978
0.00261804159323900
0.00314249803170301
0.00326252826690375
0.00285618097250405
0.00189897841897208
0.000729625682981506
-0.000159747368779447
-0.000657384597662022
-0.000945810950122054
-0.000939353442613594
-0.000933139142950543
-0.000905311012203612
-0.000860249895312394
-0.000751061036446567
-0.000660133660134752
-0.000643415996722581
-0.000796832159386850
-0.00112116894541299
-0.00152701992434065
-0.00189245407961488
-0.00214771364235781
-0.00228544337479805
-0.00233982496918708
-0.00235283921014003
-0.00235402822103780
3.27704430869214e-05
8.92652530350968e-05
0.000353839472333849
0.000782633094449498
0.00135545239326144
0.00202661880385171
0.00270555746946251
0.00325457284777427
0.00333309803229177
0.00287011486148266
0.00182539088771027
0.000730588409773265
-0.000126545824429735
-0.000767134128321506
-0.000963213810345834
-0.000919400673014734
-0.000949304899171104
-0.000920359566505084
-0.000867753251141565
-0.000771551251569164
-0.000669381100010919
-0.000641304767055863
-0.000791390202654278
-0.00112448206261303
-0.00154366787543888
-0.00192522492593136
-0.00219264165187176
-0.00233560605981924
-0.00239305584548912
-0.00240658634840830
-0.00240781436104689
3.38243361443289e-05
9.21562079333223e-05
0.000365312352778613
0.000808365491168418
0.00139887171127808
0.00209024591027095
0.00279675432547526
0.00333621606657591
0.00341315482453639
0.00293677097489664
0.00183331786835711
0.000473121386564569
-0.000134073466554810
-0.000701252969424110
-0.000885471230036806
-0.00100805091933128
-0.000955405442987818
-0.000922804549818577
-0.000864713199838527
-0.000779166853546910
-0.000660249486001002
-0.000638476878592840
-0.000785402522598368
-0.00112584188730509
-0.00156105039580294
-0.00196028121596991
-0.00223960971913117
-0.00239068405846561
-0.00245111129259369
-0.00246529677922933
-0.00246657672176506
3.50221023783320e-05
9.54045872694097e-05
0.000378193312175773
0.000836618187736591
0.00144790214107175
0.00216155988336423
0.00288905177673499
0.00341952904266758
0.00350484204925394
0.00300861916988892
0.00204402226344668
0.000619245022101803
-0.000250900990502448
-0.000762107247903993
-0.000966888717669118
-0.000976605422671723
-0.000964691616268967
-0.000933880017400123
-0.000882423275305517
-0.000787245644129972
-0.000682365140238494
-0.000634357862794208
-0.000780796949600406
-0.00112709022310227
-0.00157954305590784
-0.00199555844612605
-0.00229186038142439
-0.00245035821617374
-0.00251451826900411
-0.00252944511465874
-0.00253080566895696
3.62889277304900e-05
9.88276118671771e-05
0.000391853500136431
0.000867137392770004
0.00150022436055570
0.00224455337133025
0.00297068528885323
0.00351834369509329
0.00359334076191561
0.00301715455776770
0.00161213357420874
0.000541917918558347
-0.000206274423655270
-0.000850323716175839
-0.000988772548108125
-0.000986010745691942
-0.000974325588996974
-0.000948901824609562
-0.000895601361642926
-0.000802995665332853
-0.000677816440646348
-0.000630831744299785
-0.000771839218109357
-0.00112835410247325
-0.00159870668963484
-0.00203822322944648
-0.00234624464868390
-0.00251595656211356
-0.00258344253139797
-0.00259939463844170
-0.00260088452553973
3.76176061098283e-05
0.000102559073036736
0.000406735610780923
0.000900488687472854
0.00155732499541227
0.00232480727742245
0.00306699516743095
0.00364235847847362
0.00368607730789102
0.00303908979570114
0.00180450806645774
0.000608487891257169
-0.000387312656232858
-0.000871406577280997
-0.000974897867062662
-0.000994306553291658
-0.000991912143055817
-0.000966257718277392
-0.000906375404881717
-0.000801543930011072
-0.000689535454447857
-0.000628294272422055
-0.000762504448552006
-0.00112846604618892
-0.00161892221203907
-0.00207773491829191
-0.00240648918791132
-0.00258765221076062
-0.00265899789405993
-0.00267591140474686
-0.00267750389678331
3.91074773455202e-05
0.000106650497030207
0.000423001943615680
0.000936998269000563
0.00161867012378472
0.00242995912154565
0.00320506768250324
0.00378566444555739
0.00377413013190853
0.00311595920665624
0.00183614056061781
0.000506961641821536
-0.000447532595546919
-0.000860516222314710
-0.000996386946455521
-0.00101356672127843
-0.000997450149380803
-0.000970863611359717
-0.000919256502051033
-0.000829437735762710
-0.000688835905831877
-0.000622477277610840
-0.000754563237401039
-0.00112622408336710
-0.00163977380666108
-0.00212641399824999
-0.00247601467687375
-0.00266601847955899
-0.00274151595228581
-0.00275957395426860
-0.00276124579124225
4.07942368553860e-05
0.000111231522903760
0.000441080285613916
0.000976588118192712
0.00168906082451122
0.00251987791399885
0.00333807213788750
0.00390155751297894
0.00387638887095258
0.00314563680258103
0.00190171454772338
0.000382435046140272
-0.000450514805199807
-0.000925902961466467
-0.00103159414689248
-0.00102514406504045
-0.00101000950422027
-0.000988028516234649
-0.000936218747001408
-0.000839104722603395
-0.000693769640948232
-0.000620626220799055
-0.000743242635829824
-0.00112317256083108
-0.00166137673635767
-0.00217674012847866
-0.00254553121406559
-0.00275107214971119
-0.00283171294598794
-0.00285107653435034
-0.00285285204539876
4.26408088532243e-05
0.000116183912692380
0.000460774725647349
0.00102007113441685
0.00176531464232677
0.00263586363722593
0.00346811308311689
0.00404810690683220
0.00400172084407442
0.00319315326751274
0.00192261627474095
0.000483789861034745
-0.000418572613971253
-0.000905537823114640
-0.00104702203848353
-0.00104921189272222
-0.00102554678804344
-0.00100960653174640
-0.000963673307763581
-0.000844692187379053
-0.000722884443113536
-0.000609797301899775
-0.000733232942347328
-0.00112163011002920
-0.00168362327973706
-0.00222745896116201
-0.00262507097768750
-0.00284319962042171
-0.00293048082419921
-0.00295128139186092
-0.00295322791281671
4.45888985308715e-05
0.000121612460985616
0.000482487413949608
0.00106771554507867
0.00184796560360356
0.00275331808495349
0.00361982582241240
0.00420336383490460
0.00412181666133248
0.00322819753827085
0.00190719517401099
0.000316579715593567
-0.000582481410127583
-0.000958312080158222
-0.00108528670494634
-0.00105812126443498
-0.00103799570464609
-0.00101894032888286
-0.000973041787291753
-0.000886070778545824
-0.000712246767822556
-0.000609691918966829
-0.000717629428212373
-0.00111642822898777
-0.00170650504989874
-0.00228693009986639
-0.00271097731841167
-0.00294386878529940
-0.00303903191608737
-0.00306114612556594
-0.00306319307587624
4.67479862137867e-05
0.000127460282917714
0.000505533848356735
0.00111965318534946
0.00193584583601887
0.00288330893450568
0.00379256629780114
0.00436349037866482
0.00424857465099916
0.00322584070336598
0.00177911779510455
0.000263800599268677
-0.000663108875944643
-0.00102383942167703
-0.00108267550697373
-0.00107260225883183
-0.00105174532992266
-0.00103380149339380
-0.000988918054453813
-0.000891173729624143
-0.000736844414621571
-0.000610036264529177
-0.000702764440931898
-0.00110860895000485
-0.00172964091773855
-0.00234776446345297
-0.00280465746871217
-0.00305593826420605
-0.00315795366649795
-0.00318180616786495
-0.00318407783773542
4.91400690416324e-05
0.000134047132096222
0.000531775752009104
0.00117751713868808
0.00203845988370986
0.00303779092188225
0.00398846179721981
0.00457211568720644
0.00439429999959525
0.00329419936314363
0.00161725034291020
0.000112020023186718
-0.000752677258046760
-0.00105548109647865
-0.00110350736032420
-0.00108752345534932
-0.00106913761996980
-0.00105079455363131
-0.00101191319390522
-0.000913410309070885
-0.000747713571924173
-0.000605847294227413
-0.000684166705853968
-0.00109811176662909
-0.00175313239785861
-0.00241766886381685
-0.00290601725312992
-0.00317844670245349
-0.00328843433491999
-0.00331460739623869
-0.00331704597138092
5.17567754539225e-05
0.000141188077645046
0.000560300012296881
0.00124102319520506
0.00214930905050128
0.00319589721285482
0.00419025856267048
0.00476940375313288
0.00453690450895332
0.00331553483475449
0.00154698331549159
5.04199621692843e-06
-0.000820906800322360
-0.00109068254579421
-0.00112285801931265
-0.00110370201229408
-0.00108566857171708
-0.00106861412678813
-0.00103229261815967
-0.000936102348128700
-0.000762311050678008
-0.000603814058211133
-0.000663458830252090
-0.00108427268590102
-0.00177641812676588
-0.00248625512207143
-0.00301630640671264
-0.00331338830986777
-0.00343287364813289
-0.00346121076764347
-0.00346361775495303
5.46900648335529e-05
0.000149090446643955
0.000591701802535436
0.00131089292157910
0.00226808879563171
0.00336938853611061
0.00440081210070342
0.00498514498006864
0.00468262354030382
0.00333174345523584
0.00146419512776282
-9.79234833150559e-05
-0.000885858431757287
-0.00112430467422406
-0.00114257469981618
-0.00112074011440507
-0.00110279395335816
-0.00108720262893588
-0.00105318003655446
-0.000960554653118445
-0.000780613090454143
-0.000602258051245422
-0.000646222654678013
-0.00107107122492184
-0.00179954236931386
-0.00256270594410759
-0.00313781633929795
-0.00346164281070348
-0.00359213464972121
-0.00362310524656015
-0.00362573519559249
5.78242522344022e-05
0.000157623877940670
0.000625956711373847
0.00138751911859703
0.00240223829517475
0.00357001317103280
0.00465145879650294
0.00523395493980273
0.00483451870333816
0.00333876898087777
0.00135511832143520
-0.000199250617639217
-0.000955172451745082
-0.00115652754107711
-0.00116219233861720
-0.00113825063645666
-0.00112096199084847
-0.00110664445061692
-0.00107539390498550
-0.000985277167389894
-0.000800591036165189
-0.000601357961242332
-0.000619637258381929
-0.00105113792064945
-0.00182207926477525
-0.00264489044843815
-0.00327110046521282
-0.00362545272821157
-0.00376854610157642
-0.00380253487693700
-0.00380541874533735
6.13670453857509e-05
0.000167328555632326
0.000664228114448526
0.00147196830120585
0.00254788379564009
0.00378756761924137
0.00491745786979482
0.00548786097872621
0.00499743872634226
0.00333561995856794
0.00124511040589434
-0.000319139793392745
-0.00102172707936081
-0.00118799717569871
-0.00118193396276976
-0.00115659316362272
-0.00113984869157375
-0.00112696946449579
-0.00109898399059204
-0.00101173611393873
-0.000823144212266223
-0.000601682660435991
-0.000595683795797413
-0.00102802396058667
-0.00184375715639087
-0.00273331680537804
-0.00341766320167439
-0.00380695784331728
-0.00396453639055924
-0.00400199170975158
-0.00400517183035698
6.51958329017492e-05
0.000177892145418582
0.000706378870170575
0.00156744412999385
0.00271124486513974
0.00402257087588780
0.00521992524478110
0.00576458157056738
0.00514031458332842
0.00331734126219644
0.00111831889189654
-0.000442411629575587
-0.00109048663989402
-0.00121905763420400
-0.00120188766785738
-0.00117569987352423
-0.00115981438524114
-0.00114832349114821
-0.00112337451033188
-0.00104021445385971
-0.000848179495855731
-0.000602691282683145
-0.000566641791068333
-0.00100280788268742
-0.00186407091106775
-0.00282857783130510
-0.00357924972990643
-0.00400872157966567
-0.00418300427774995
-0.00422446249386778
-0.00422798762494389
6.94829642868064e-05
0.000189551301068928
0.000752839317886103
0.00167073373710508
0.00289476821799407
0.00429829441428175
0.00554458644586137
0.00608511546836288
0.00530293906234063
0.00328330861188476
0.000965141299449561
-0.000569740719032384
-0.00115283385516048
-0.00124726578183464
-0.00122205405226081
-0.00119569387788418
-0.00118069653720340
-0.00117066987294007
-0.00114917400487559
-0.00107125070084848
-0.000875339263318094
-0.000609114598965561
-0.000537003474752188
-0.000966720243569359
-0.00188260078314365
-0.00293138256609135
-0.00375797896503612
-0.00423382798860292
-0.00442745081361025
-0.00447355184421183
-0.00447747094739248
7.42302756400031e-05
0.000202413083274085
0.000804570622329379
0.00178736272569031
0.00309761378143223
0.00458841974999828
0.00590342859312832
0.00640018647782418
0.00545929485645809
0.00322333877440371
0.000800149021247868
-0.000702010847637412
-0.00121291905338639
-0.00127420371741324
-0.00124246617816088
-0.00121647740535163
-0.00120263668853211
-0.00119413497439350
-0.00117600462711867
-0.00110416822568992
-0.000910084676051344
-0.000617193606209556
-0.000507872941515433
-0.000926812668685504
-0.00189891894982015
-0.00304261197665729
-0.00395639172680435
-0.00448599342517370
-0.00470208997623011
-0.00475360011951720
-0.00475797478748332
7.93867227729925e-05
0.000216775176350946
0.000862106297058264
0.00191683206784448
0.00332416758142049
0.00492471580141351
0.00631140006810394
0.00675637128950539
0.00562852591371693
0.00313907614237407
0.000616008974048833
-0.000828169077006572
-0.00126879131246549
-0.00129972908138661
-0.00126332662137480
-0.00123822993941213
-0.00122562435601454
-0.00121864029688256
-0.00120364510621731
-0.00113848193531745
-0.000945202088435529
-0.000630223983875663
-0.000473223597539103
-0.000884051171624718
-0.00191255534996965
-0.00316331727929580
-0.00417764038486305
-0.00476975652116887
-0.00501212920040469
-0.00506996399681969
-0.00507487930117891
8.51847682109326e-05
0.000232754331645486
0.000926474176815328
0.00206278277485994
0.00358094826420775
0.00529907191285837
0.00674677734420461
0.00714792066770088
0.00577312836284287
0.00302238530349197
0.000400205178811226
-0.000965845033522906
-0.00132060488491777
-0.00132374257187359
-0.00128434015084415
-0.00126077651023806
-0.00124982365000473
-0.00124453875654559
-0.00123357404425539
-0.00117577671726814
-0.000985610992069853
-0.000646354413435527
-0.000441936561673313
-0.000830756680433092
-0.00192315751451592
-0.00329491814170522
-0.00442556592445777
-0.00509074634349955
-0.00536396179278784
-0.00542922184938491
-0.00543477771485649
9.17888377237771e-05
0.000250815464655262
0.000998892588638161
0.00222877480002945
0.00386693842245182
0.00573087224315879
0.00728270370633906
0.00755419464905096
0.00591412664495606
0.00286645255067993
0.000187531761225460
-0.00108140990524917
-0.00136466451869783
-0.00134642081330170
-0.00130595150858805
-0.00128418674160902
-0.00127528545523254
-0.00127199868498998
-0.00126475378797818
-0.00121512552399845
-0.00103287046586896
-0.000673859772450360
-0.000416039836091801
-0.000773345309024927
-0.00193039326082713
-0.00343924878869288
-0.00470493946862432
-0.00545594573060668
-0.00576553620452332
-0.00583957774117419
-0.00584588099583211
9.92353592267714e-05
0.000271126793913074
0.00108073119739094
0.00241374840700680
0.00420212515017464
0.00621628715515066
0.00782338927496716
0.00801294401051002
0.00604450186533719
0.00268713511551040
-3.94889367198229e-05
-0.00119433613991012
-0.00140443649609569
-0.00136745402071742
-0.00132762232856349
-0.00130863593747689
-0.00130197665554037
-0.00130130159464685
-0.00129780162652240
-0.00125655880265753
-0.00107999651432665
-0.000701359135269156
-0.000386383494938164
-0.000708720929081680
-0.00193436487858958
-0.00359877176077229
-0.00502188137525536
-0.00587412706879030
-0.00622685377573456
-0.00631132534020860
-0.00631851516647076
0.000107619277178330
0.000294186455314239
0.00117440603748549
0.00262645578846256
0.00458753548296153
0.00678856602120069
0.00849263874680326
0.00850823549791334
0.00612058120308197
0.00242522203244223
-0.000269831687181434
-0.00130239377591835
-0.00143678348617597
-0.00138703013791507
-0.00134968481400458
-0.00133388933559380
-0.00133034778667322
-0.00133273427345135
-0.00133388651746260
-0.00130164228547195
-0.00113680567487168
-0.000743201565615232
-0.000358833671636987
-0.000641502577017817
-0.00193548695339458
-0.00377676694330516
-0.00538415746643000
-0.00635642159103974
-0.00676053916351110
-0.00685745473559865
-0.00686569882040691
0.000117195780368472
0.000320736926737349
0.00128252415851902
0.00287724361136339
0.00502550622079775
0.00742828966329385
0.00922814273027595
0.00903062162510820
0.00616581554829547
0.00217475003270979
-0.000522052263659234
-0.00139820857761449
-0.00146272400167311
-0.00140499780590980
-0.00137136358379881
-0.00135990885847945
-0.00136023734574768
-0.00136664173921210
-0.00137286249772629
-0.00135078427181785
-0.00120261622700007
-0.000797789248756666
-0.000345075412110483
-0.000571097481603877
-0.00193505477018745
-0.00397780561886607
-0.00580169824120602
-0.00691697646156349
-0.00738264931685431
-0.00749451014386333
-0.00750401990402281
0.000128700222644513
0.000352270480011220
0.00141006969073824
0.00316954703786935
0.00555768277542934
0.00820885823065803
0.0101028226451093
0.00961350756572358
0.00616863582912254
0.00185178334026404
-0.000744103246846015
-0.00146759474765297
-0.00148102415163885
-0.00142091538024883
-0.00139231701190264
-0.00138631736533265
-0.00139181938753596
-0.00140337088792708
-0.00141569832247321
-0.00140496226045104
-0.00127372302149517
-0.000867568870195612
-0.000351126352649811
-0.000498563385174869
-0.00193545126599357
-0.00420798564656909
-0.00628749300442328
-0.00757389284665151
-0.00811375738415396
-0.00824366844260078
-0.00825472317514011
0.000141820554308098
0.000389156650542663
0.00156178939855727
0.00352223641178012
0.00619482465255107
0.00910248222194061
0.0110396817884700
0.0101900322845970
0.00611118865447033
0.00146114725051895
-0.000972384999471723
-0.00152681531584215
-0.00149207532854366
-0.00143366230807958
-0.00141228305345679
-0.00141291272392607
-0.00142499774064094
-0.00144335433673379
-0.00146326500621905
-0.00146442346327557
-0.00135511802568269
-0.000953963458629827
-0.000363199599102947
-0.000428109221791876
-0.00194033072937752
-0.00447617972571799
-0.00685841934729183
-0.00835071001977226
-0.00898044630145851
-0.00913221656768371
-0.00914512645306647
0.000158325047725236
0.000434704911384723
0.00174791602324184
0.00395421885743713
0.00697604018658378
0.0102523433383216
0.0121830974414958
0.0108215441108633
0.00595303074601556
0.00107866210900657
-0.00117920191416514
-0.00156103835775124
-0.00149490111473505
-0.00144233378334235
-0.00142935866679075
-0.00143829498304129
-0.00145913173639300
-0.00148628452500245
-0.00151557889214940
-0.00153066994771971
-0.00144467316120921
-0.00105687075290461
-0.000404499617846150
-0.000373722235136861
-0.00195619681650450
-0.00479413234672629
-0.00753661382524698
-0.00927785615519099
-0.0100168521979421
-0.0101953362478551
-0.0102105313274037
0.000179099617169572
0.000491473916238882
0.00197899713177700
0.00449070447075073
0.00790537757007417
0.0115857045436835
0.0135559970983630
0.0114161203566915
0.00570616466639350
0.000608262569880100
-0.00136706647639902
-0.00157502919460614
-0.00148817940049405
-0.00144410369360272
-0.00144150570514837
-0.00146105015044918
-0.00149272697175111
-0.00153104984887077
-0.00157205570089729
-0.00160395290988125
-0.00154887450026130
-0.00118157914178959
-0.000480145785273414
-0.000336322523382017
-0.00199198995952900
-0.00517876465262813
-0.00835146960771337
-0.0103949683472384
-0.0112675540558741
-0.0114787550915273
-0.0114967536864062
0.000205048578594889
0.000563256630782665
0.00227271237736379
0.00516894909883305
0.00910122592524630
0.0131679810895243
0.0150135148678625
0.0119671585386460
0.00529127463774132
0.000150585168212701
-0.00149129693119472
-0.00156322609636966
-0.00146838812636529
-0.00143617757645568
-0.00144563552710130
-0.00147696542713021
-0.00152177761425010
-0.00157425138817729
-0.00163080372250828
-0.00168037720997902
-0.00165665472583400
-0.00132375123692174
-0.000571439958750296
-0.000328373046716225
-0.00206117031286724
-0.00565368961018794
-0.00934240143027038
-0.0117541899899213
-0.0127907392991100
-0.0130421450580380
-0.0130635919011529
0.000238635080297812
0.000656413906473446
0.00265115011834661
0.00603664106574160
0.0106148759430471
0.0152320703765791
0.0167934815376588
0.0124656641270964
0.00475381208714924
-0.000330471716150568
-0.00156810685900929
-0.00152657334665401
-0.00143329344277281
-0.00141340431604558
-0.00143550449115366
-0.00148120452568844
-0.00154164163699094
-0.00161154672415026
-0.00168636042124376
-0.00175767484848362
-0.00177097313020623
-0.00148635522617139
-0.000709744309397392
-0.000355101128117576
-0.00218281557097361
-0.00625222541810318
-0.0105626154385653
-0.0134239555457744
-0.0146624232219794
-0.0149633769451055
-0.0149891160315210
0.000282207693739969
0.000777847639971977
0.00314334998783791
0.00716080012925621
0.0125144721618901
0.0175940411090028
0.0185552192547055
0.0126982818369701
0.00402888372452733
-0.000757439565286034
-0.00159279411574313
-0.00146307923863956
-0.00137612488250947
-0.00136864618309407
-0.00140308258681754
-0.00146343733046852
-0.00154099222800630
-0.00163086736066960
-0.00172713492815431
-0.00182528473407472
-0.00187870843921192
-0.00165688095174140
-0.000883819526041490
-0.000429426946936883
-0.00238285918053316
-0.00702242514698184
-0.0120843755284554
-0.0154955319718615
-0.0169820742035562
-0.0173442180254856
-0.0173751090578353
0.000341490924100305
0.000938192643380601
0.00379126986744234
0.00859710301826243
0.0148900484876106
0.0205639298440759
0.0206791849985477
0.0126523495267562
0.00312483087119616
-0.00113992508613150
-0.00155401326118406
-0.00137113566550610
-0.00129143155072248
-0.00129202545372910
-0.00133564388548575
-0.00140912467167014
-0.00150306199658435
-0.00161392498324849
-0.00173574161050972
-0.00186397605448088
-0.00196138867514031
-0.00180525922127245
-0.00107310346271095
-0.000562163124464173
-0.00269633760571170
-0.00803351326003205
-0.0140063990476074
-0.0180894884496823
-0.0198798804414232
-0.0203170659584348
-0.0203544169611184
0.000417454321151830
0.00115009125868853
0.00463616018776070
0.0104700418437194
0.0179376205133838
0.0238963441178208
0.0226650634159075
0.0123310562138999
0.00207537966114589
-0.00140550581117447
-0.00146273961744059
-0.00124977216144551
-0.00117255161337110
-0.00117331059457758
-0.00122004185242723
-0.00129936503321859
-0.00140479661962052
-0.00153304087267918
-0.00167778024180949
-0.00184158946603729
-0.00198728361367614
-0.00192294091149974
-0.00123437656647964
-0.000726697778020515
-0.00316714425465354
-0.00938403337848327
-0.0164665554304337
-0.0213621993172290
-0.0235218144728433
-0.0240501970814022
-0.0240953741585321
0.000520573793414200
0.00142715327884559
0.00573858237841041
0.0128845495953376
0.0217180730454909
0.0279495417837798
0.0245871584616902
0.0112240640026611
0.000917480300837796
-0.00154149934733094
-0.00133546926420170
-0.00110320209005464
-0.00101742541112920
-0.00100654563020321
-0.00104211252169886
-0.00111330024548512
-0.00121640916473609
-0.00134971369552099
-0.00151316861098319
-0.00170278601051825
-0.00189859503914383
-0.00191457727115492
-0.00132413700820947
-0.000904724329787011
-0.00384635265141077
-0.0112147946613897
-0.0196474085413155
-0.0255135027883916
-0.0281111092053913
-0.0287476239224044
-0.0288021439903673
0.000653196187844341
0.00178743404369451
0.00716147775804678
0.0159271045666312
0.0263060281230333
0.0324821950412829
0.0256516313904592
0.00943382232115984
-0.000190907292390845
-0.00159992444628116
-0.00119563722686723
-0.000945189592529790
-0.000833830034590780
-0.000790580261586595
-0.000791386168598325
-0.000829277723506753
-0.000904634709200698
-0.00102009561205481
-0.00117546294773353
-0.00137747451590424
-0.00160685126641806
-0.00171880532784217
-0.00123673244244703
-0.00101382472322232
-0.00478566165132224
-0.0137178313794399
-0.0237878890817958
-0.0307744034288582
-0.0338697955734905
-0.0346290471351496
-0.0346938076931062
0.000821114708336966
0.00225205664741094
0.00898630190721867
0.0198042173125578
0.0320636548982214
0.0370641219290370
0.0259134457171598
0.00719922118979086
-0.00126738871251993
-0.00159710201576083
-0.00108315743724303
-0.000803438007277719
-0.000644905663707279
-0.000542127299321121
-0.000476766112776083
-0.000443193497123284
-0.000447824646821568
-0.000498248363133469
-0.000604324127039499
-0.000771178018210348
-0.000998946038445654
-0.00116495772493801
-0.000808893565023529
-0.000907917946531278
-0.00602418756237733
-0.0171393808794172
-0.0291652632027670
-0.0373642128446194
-0.0409783421612307
-0.0418636230505170
-0.0419391367612205
0.00104463760975511
0.00285706703861544
0.0113354250153441
0.0246329468184743
0.0386768458357546
0.0420089415980700
0.0249455959857791
0.00416242926393704
-0.00197426829311812
-0.00162044799024180
-0.00105333483672140
-0.000729474818080716
-0.000496941674737136
-0.000301439062970768
-0.000128351242029734
2.62025722732257e-05
0.000148527138495040
0.000231269370036294
0.000252861421306076
0.000194579729873753
5.50736011949384e-05
-9.88545874512418e-05
0.000210054766753856
-0.000373191295447755
-0.00757435631843428
-0.0217599483597173
-0.0360233302789682
-0.0453626432006313
-0.0494161637281031
-0.0504038401399746
-0.0504881271155899
0.00132999053075254
0.00363305295307154
0.0143442763648583
0.0308547611694315
0.0467266076253734
0.0462309881771455
0.0220953438722368
0.00110605141395682
-0.00265265352662895
-0.00176909660353946
-0.00117584625223642
-0.000785880844870892
-0.000456044912420538
-0.000135520244855445
0.000190473050048304
0.000518340613060665
0.000836721053408210
0.00113008776635487
0.00137363421463507
0.00154540750035895
0.00161771181531915
0.00163944568791962
0.00204395181015567
0.000926394040949737
-0.00943037624309102
-0.0278386756095384
-0.0443985315392622
-0.0544421113073864
-0.0586534559966085
-0.0596684148741047
-0.0597547199946124
0.00171205657843353
0.00465194117730752
0.0182803892015505
0.0387327528310276
0.0563159309931042
0.0492367534563531
0.0169684876344980
-0.00221104272102241
-0.00320375994987590
-0.00215204339680658
-0.00153159819236271
-0.00105504464797840
-0.000598058951700994
-0.000117386648762879
0.000394441007596604
0.000942604915868550
0.00151214745514351
0.00208659885632196
0.00264925447152653
0.00316805507539689
0.00361860477967465
0.00400709877261853
0.00477980466026137
0.00315804549307475
-0.0116341696617216
-0.0354880908673638
-0.0537857587631032
-0.0634409773752661
-0.0672012048414551
-0.0680836297125684
-0.0681588305751241
0.00222034043141647
0.00600209926143219
0.0235052656941436
0.0489619566538664
0.0668409080475971
0.0500084003418023
0.0101893373491345
-0.00460202276905768
-0.00395204202372181
-0.00286875302774300
-0.00219545058153273
-0.00159757558982290
-0.000982353768420942
-0.000310830391318684
0.000422544849179035
0.00120453983534548
0.00204446812649533
0.00292836112265655
0.00385048826507651
0.00479907529311491
0.00575106978707445
0.00668809456088092
0.00810867673914278
0.00635759770017339
-0.0144120162316501
-0.0445431706835113
-0.0627938361824167
-0.0700305439023941
-0.0723229172829613
-0.0728165048278102
-0.0728573021368490
0.00290785104384254
0.00789128396386965
0.0306949994301628
0.0624933746577950
0.0796071108698879
0.0466208649370740
0.00171417410186311
-0.00673596294283296
-0.00509874483462512
-0.00402000172289499
-0.00321497457558889
-0.00244385366783736
-0.00162294306960280
-0.000730857535889808
0.000224060715991373
0.00124409343760846
0.00232853328431362
0.00348751282881683
0.00473816979346679
0.00607951100397946
0.00751950523529843
0.00907946833761262
0.0112862123427380
0.00999851439010449
-0.0182332677952701
-0.0544728515323850
-0.0691462934094780
-0.0710205640988985
-0.0705185120533999
-0.0703018083292143
-0.0702792192290577
0.00394746500299624
0.0106082313395444
0.0409998982161103
0.0812974149267491
0.0913343817049141
0.0374224565640833
-0.00640745220444762
-0.00887680390919780
-0.00684143757496846
-0.00564762560172622
-0.00460496387008769
-0.00354583670917472
-0.00244845060775618
-0.00131409419069506
-0.000135976404425887
0.00107325686474010
0.00232878400892090
0.00367412779838893
0.00513773493812561
0.00672042410778276
0.00848782332148928
0.0104440615570027
0.0133571386404608
0.0135084063756952
-0.0235575172829831
-0.0645595327730042
-0.0705472697714634
-0.0637004133483607
-0.0591143014138204
-0.0578806863797285
-0.0577751321655869
0.00544638221620971
0.0147533345831741
0.0564242621845731
0.107714116642143
0.103547401932689
0.0207300184654724
-0.0141557850503425
-0.0114941382606995
-0.00930857509761315
-0.00774642769231781
-0.00625026662056382
-0.00476242002623462
-0.00330813480967912
-0.00190512328995171
-0.000555340043700086
0.000774533998005408
0.00211687951900198
0.00350231607228892
0.00500712928939557
0.00664568166380303
0.00846733879457226
0.0104850207212853
0.0135810369203867
0.0167123755765885
-0.0304884572830160
-0.0745488908544184
-0.0660237947707530
-0.0474916710829631
-0.0378452953244418
-0.0353949756606484
-0.0351854110192784
0.00793724867554685
0.0213387523350670
0.0808208623423707
0.143002036035517
0.104595877856799
-0.00132665005184962
-0.0196282196281402
-0.0152732350937645
-0.0124895772249101
-0.0101014692222597
-0.00787740146463549
-0.00578623850642412
-0.00395785722190035
-0.00233980249272047
-0.000891338969518889
0.000456208398648685
0.00176203058361881
0.00309485750162498
0.00450796012920808
0.00602485522842477
0.00766305579659587
0.00943798790345308
0.0120911734910682
0.0201074634613741
-0.0388616361536517
-0.0854483822782351
-0.0565103496411576
-0.0239877813085864
-0.00874672517160695
-0.00498767514564843
-0.00466141656874608
0.0122429203610323
0.0326774908935329
0.121354020767742
0.192458873028271
0.0853355519575652
-0.0264106069739784
-0.0261769665063618
-0.0203449914917149
-0.0160312855170971
-0.0122177710906784
-0.00896617937478528
-0.00631530350808559
-0.00418563220136146
-0.00246706077197761
-0.00104309729336250
0.000198352057699487
0.00137745543940110
0.00254600835697487
0.00377387351584713
0.00510066226883485
0.00651445207383298
0.00795213267501618
0.00966676436846808
0.0244294807556767
-0.0491299251671381
-0.0993723516026155
-0.0433758078500951
0.00439027846024608
0.0251256267530994
0.0301273732891358
0.0305570163063567
0.0201569675108058
0.0537851048836313
0.192621702860250
0.251593038007744
0.0289084156249691
-0.0478361397408158
-0.0347809864080340
-0.0260212440993483
-0.0188629732890136
-0.0131823878679537
-0.00903572910534019
-0.00602952341406570
-0.00387983090235065
-0.00227023335342609
-0.00100783053698047
5.01974103028756e-05
0.00102296377968735
0.00196696418208793
0.00297100003225652
0.00406891754982584
0.00528750883821908
0.00653616893930938
0.00774494305399779
0.0296080384707861
-0.0638458527398029
-0.117284209247306
-0.0254556472186884
0.0354751960408570
0.0596234502503171
0.0652891819051418
0.0657674017023947
0.0368300739403630
0.0977967920929944
0.327700767858912
0.278822534920092
-0.0541618111681526
-0.0659004752689203
-0.0442849342729476
-0.0295242315301082
-0.0191553341437871
-0.0122569157418701
-0.00787583319048921
-0.00501615367799992
-0.00313030587967600
-0.00181390050636150
-0.000820394356451953
-1.32305272620861e-05
0.000709708089193128
0.00142429920336758
0.00217739266087204
0.00304187132214621
0.00408513274110254
0.00537866879998715
0.00688703945471202
0.0327962193901988
-0.0912394915067330
-0.133784776667190
0.00366823590147453
0.0666529776372883
0.0876512163181988
0.0922873939052122
0.0926767088854280
0.0814080143503511
0.200613302541799
0.584352479258294
0.149935697920793
-0.144647650692457
-0.0832528991363969
-0.0481705328880350
-0.0273279919593238
-0.0157812817915293
-0.00946253794209096
-0.00578479519111940
-0.00357883691183999
-0.00219200642205306
-0.00125652951974326
-0.000572052654780143
-2.97084784500389e-05
0.000452643196387430
0.000928152051404911
0.00144468028390472
0.00204304578320522
0.00286704522239272
0.00418232941750941
0.00653215744096594
0.0287424141735845
-0.153741020979592
-0.123235480686070
0.0503317762235433
0.0895769241513817
0.0976754731666714
0.0991172333480388
0.0992545490172512
0.221630654968723
0.518709072302600
0.930948859087880
-0.253749356560247
-0.180687684040306
-0.0800395715233266
-0.0379913409643741
-0.0190406034382509
-0.0101833535379215
-0.00582439435300569
-0.00348064770436819
-0.00211596014688833
-0.00128720430265149
-0.000733575894293395
-0.000337835054477868
-2.19018377715411e-05
0.000254653936980094
0.000528744458653891
0.000826339828115749
0.00118733778439479
0.00171482936270962
0.00267868961886383
0.00515072708624144
0.0189021574502347
-0.339110542210443
-0.0143582880494704
0.0929692523301851
0.0837740073354056
0.0775255185127344
0.0760778473722974
0.0759011518912134
0.853884626438143
1.64103788832872
0.213711075928974
-0.479911793031578
-0.135686976149076
-0.0475885744354142
-0.0195923201981752
-0.00924443658885785
-0.00480115643759178
-0.00268107502483418
-0.00158060490531285
-0.000963483010610511
-0.000582425078341002
-0.000332196272180240
-0.000152549724085089
-1.10154434940488e-05
0.000113918568011910
0.000235999440022170
0.000368648656862709
0.000533110553958879
0.000777947451075974
0.00127127541027617
0.00271851091569606
0.00869741538895459
-0.971197728269142
0.145955923438908
0.0748404658509455
0.0472630814265973
0.0398326923350539
0.0383365301326478
0.0381906436257724
1.57151150730796
1.68447054468227
-0.690871812370239
-0.162056531933135
-0.0384513412804874
-0.0124899305407063
-0.00503477278307459
-0.00239358466471752
-0.00120491509276284
-0.000673301958820885
-0.000396500419885718
-0.000240336237781043
-0.000146330625177392
-8.30970961824471e-05
-3.84280225624301e-05
-2.75049737789721e-06
2.85347334632193e-05
5.91918792215821e-05
9.25322536973421e-05
0.000133985214056125
0.000196035294964584
0.000322731495915432
0.000702033992472215
0.00196502036712638
-0.914243537801905
0.0658336546814436
0.0209406645523906
0.0122674195300134
0.0101491299635985
0.00972450002426823
0.00967395111796430
0
0
0
0
0
0
0
0
0
0
0
0
0
0
0
0
0
0
0
0
0
0
0
0
0
9.33426392679494e-20
0
0
0
0
0