5.64214067491372e-17
0.0152914362635955
0.0606267917337981
0.134359451601377
0.233711909815911
0.354578982158979
0.491005700841344
0.634482646189739
0.773610803219010
0.895231732592996
0.987886639232738
1.04640446520789
1.07490714956440
1.08284198889036
1.08050214064401
1.07452119357977
1.06768248705468
1.06062755139816
1.05252796278520
1.04175900909589
1.02644295413169
1.00565745333609
0.980672314263220
0.954881651507555
0.932211732023425
0.915292013135561
0.904666933088530
0.899213261922136
0.897102814104128
0.896605537415953
0.896567999298947
2.46914174607703e-16
0.0152941409091688
0.0606375038248338
0.134383160067460
0.233752931940667
0.354639881567451
0.491087511789220
0.634586567123934
0.773716978486838
0.895334373978656
0.987928167464026
1.04642522878580
1.07489646230242
1.08278372757143
1.08052177465648
1.07449011245437
1.06764963793591
1.06059414534815
1.05249885279926
1.04173444062437
1.02641696821981
1.00563054639367
0.980639206414344
0.954837445469077
0.932155926638213
0.915225957432615
0.904593306135261
0.899136353594831
0.897024481427615
0.896526859992111
0.896489295167142
-2.09401419753756e-16
0.0153022578850897
0.0606696605960529
0.134454316790420
0.233876234513088
0.354823318113442
0.491333536531093
0.634894184137460
0.774038689014451
0.895643563816446
0.988063788308691
1.04651803145965
1.07486840514630
1.08260942217097
1.08060764469956
1.07439683529883
1.06754945246945
1.06049533488014
1.05240715659954
1.04165959725852
1.02633893421092
1.00555016006741
0.980539895611331
0.954707099166287
0.931988539648639
0.915027392643901
0.904373303507693
0.898905707662401
0.896789478159412
0.896290814114912
0.896253167547790
-4.93944375088721e-16
0.0153158156283481
0.0607233652217131
0.134573054791262
0.234081703664563
0.355133558552245
0.491750685560878
0.635379033358761
0.774573763521784
0.896140964433939
0.988448276926441
1.04667652702938
1.07485641420402
1.08269297446900
1.08030013986437
1.07421304589213
1.06737862799451
1.06033198868941
1.05224376734102
1.04152219146423
1.02621216077804
1.00541653651464
0.980376432454571
0.954488122678457
0.931709537101551
0.914696533502907
0.904007599357457
0.898521098667609
0.896397429538156
0.895897006070715
0.895859229476881
1.17662289802588e-15
0.0153348489793760
0.0607987642432392
0.134739784240576
0.234370519673675
0.355564687093818
0.492329801323654
0.636078773538247
0.775339785018582
0.896838700573870
0.989044683520192
1.04691558561953
1.07477465948706
1.08276818919019
1.08009263351240
1.07394638830541
1.06713002418640
1.06010568129780
1.05203049933902
1.04131636745691
1.02603508375496
1.00523069426771
0.980145176721391
0.954182173012570
0.931319134876793
0.914233653692138
0.903495067624310
0.897981893676100
0.895847891213793
0.895345027169708
0.895307063441068
-1.10724913776399e-16
0.0153594314224720
0.0608961202883185
0.134955175601382
0.234742860590960
0.356121993248555
0.493069755217523
0.637000007723678
0.776322876657792
0.897750708350304
0.989736693168552
1.04740158932200
1.07507540222338
1.08246756171421
1.07983215193554
1.07361494469422
1.06682730345588
1.05981829548996
1.05175822020172
1.04106446198035
1.02580298708011
1.00499271420652
0.979849823901444
0.953790994508542
0.930817247174686
0.913637124333018
0.902834992300471
0.897287693062816
0.895140131768787
0.894634075307211
0.894595873635316
-2.67235292231402e-16
0.0153895954964439
0.0610155928177339
0.135219170185518
0.235200194712155
0.356805760013283
0.493989334191651
0.638111474191113
0.777520435715118
0.898859732660541
0.990571690692053
1.04782787360334
1.07514704017055
1.08232562945629
1.07941634903398
1.07327215272725
1.06645156641099
1.05943538924804
1.05140571863098
1.04076457573944
1.02552307952193
1.00470283339842
0.979490072816872
0.953312942536283
0.930203984429898
0.912908121636199
0.902026592926657
0.896437336745068
0.894273314358245
0.893763315910427
0.893724813799310
-6.82484099486038e-16
0.0154254334763460
0.0611575357550789
0.135533130995498
0.235742473134489
0.357618127651050
0.495089441205116
0.639427126595668
0.778940856538088
0.900178845895622
0.991591193017854
1.04836412278768
1.07505186086448
1.08189706904685
1.07908570759528
1.07281766401500
1.06600979280513
1.05901423561336
1.05102003526333
1.04040105407842
1.02519486650746
1.00436191599162
0.979068384277154
0.952748570316007
0.929479561592120
0.912044703834602
0.901069236476895
0.895429985903651
0.893246182821640
0.892731514767047
0.892692659951812
2.40773036541949e-16
0.0154670153019645
0.0613222350069686
0.135897368808179
0.236373046882194
0.358561574269068
0.496355618796519
0.640954788907605
0.780597927125955
0.901686505101788
0.992696479518771
1.04904145765766
1.07530908876250
1.08175958958081
1.07859741157617
1.07233130154418
1.06548951335980
1.05852097891523
1.05055390259950
1.03998178932098
1.02481902116133
1.00397079161735
0.978582806008408
0.952100893422345
0.928644080695239
0.911047686501734
0.899962660495362
0.894264417589382
0.892057531130979
0.891537376590521
0.891498108043761
3.62352532161513e-16
0.0155144372064157
0.0615100890851893
0.136312816264952
0.237092544788931
0.359638450679824
0.497796864114180
0.642702539983721
0.782464853512609
0.903407224139906
0.993979813217237
1.04968732045437
1.07528719524756
1.08129569298612
1.07805518365723
1.07174619066910
1.06490048936819
1.05795999005262
1.05004545546916
1.03951045776402
1.02439182967132
1.00353019799156
0.978036739896021
0.951368527694752
0.927697653505325
0.909915741856419
0.898704725468842
0.892939195419062
0.890705684013871
0.890179234076968
0.890139490634767
2.10902398807515e-16
0.0155678739578345
0.0617217821809650
0.136780980043481
0.237902401171506
0.360850020646902
0.499424603258951
0.644661669504717
0.784564069448492
0.905326389391579
0.995433375408982
1.05050178137837
1.07543103937858
1.08094202131584
1.07747968898463
1.07111273704908
1.06424661603744
1.05732896673723
1.04944697786915
1.03898973767462
1.02391503466828
1.00304159986241
0.977431599853890
0.950553320749223
0.926640572847618
0.908649196371470
0.897294378316633
0.891452530747635
0.889188848945872
0.888655234059088
0.888614947132963
7.47232731452564e-17
0.0156274874115113
0.0619579257437557
0.137303196711979
0.238806050434118
0.362205447973631
0.501231350496194
0.646879048768077
0.786909892985819
0.907452613290480
0.996917827762273
1.05108461167947
1.07543784613108
1.08062238064961
1.07693390221955
1.07043288934764
1.06353726438973
1.05663625440278
1.04881137380073
1.03840658550617
1.02339358401930
1.00250602487997
0.976767857622244
0.949655942585510
0.925473033949665
0.907245812173014
0.895730594160943
0.889802607937914
0.887504902161172
0.886963234569488
0.886922339487282
-4.29209824937758e-16
0.0156934273554427
0.0622191259220067
0.137880886903689
0.239805238606306
0.363699215654905
0.503235200267659
0.649276935377265
0.789474090472462
0.909808730105616
0.998590582307337
1.05198575896836
1.07550362724299
1.08017963885517
1.07607237228089
1.06961603982291
1.06275498321202
1.05587700027915
1.04810052725722
1.03777819054748
1.02282449789377
1.00192482646300
0.976047110138961
0.948679210650047
0.924195407657118
0.905706023826071
0.894011581623944
0.887987039868880
0.885651476632789
0.885100812111537
0.885059237034253
-7.08424283098602e-17
0.0157658609334897
0.0625060521999887
0.138515477222714
0.240904141453787
0.365340659459315
0.505434222549357
0.651926719742445
0.792273923196005
0.912343412791807
1.00037829092965
1.05278975785010
1.07550050064788
1.07964101917596
1.07526725022906
1.06877611949843
1.06190742963166
1.05505577665570
1.04732698684916
1.03708786945727
1.02221160078899
1.00130032899868
0.975271753159624
0.947622574746516
0.922808021225522
0.904028611234089
0.892134535633348
0.886003707338641
0.883625867371342
0.883065209241672
0.883022879699089
1.15925477638916e-16
0.0158449916739102
0.0628195464994839
0.139208741868260
0.242102443303761
0.367136172285316
0.507836836537308
0.654806110892020
0.795366769037499
0.915097582579005
1.00236686299351
1.05376650018046
1.07516124802526
1.07923151571139
1.07448726655080
1.06781882025835
1.06098917996660
1.05414875293704
1.04647795455482
1.03633858918143
1.02155046756981
1.00063250223892
0.974441947588229
0.946488914133629
0.921311245535611
0.902211920716454
0.890098894458731
0.883849563515798
0.881425104951785
0.880853371609542
0.880810205758607
-1.20613126112789e-15
0.0159310682315751
0.0631605377270006
0.139962987558171
0.243407207226960
0.369086060490481
0.510456778736820
0.657929325934867
0.798646259942079
0.918041138588904
1.00432693400480
1.05466304219483
1.07539257217031
1.07842889954542
1.07355828185678
1.06684368264802
1.05999612497970
1.05321049770744
1.04559749233137
1.03554754235651
1.02084762970089
0.999925321594333
0.973562891080283
0.945279243699608
0.919705715604225
0.900256135393574
0.887900441135710
0.881521570624873
0.879045796973280
0.878461880598707
0.878417795718540
3.06540167188069e-16
0.0160243157721420
0.0635299743435348
0.140780198526516
0.244821450040449
0.371198773762624
0.513279350294739
0.661319207071219
0.802218241552764
0.921225384215574
1.00659319748426
1.05574225194762
1.07552928911654
1.07774345652988
1.07257706756271
1.06577565018225
1.05894990412401
1.05218945269014
1.04464342385299
1.03470014035742
1.02009885993980
0.999178688780490
0.972639880711148
0.943997033628566
0.917991855019027
0.898158732150386
0.885538788498652
0.879016486644045
0.876484161191915
0.875886841989524
0.875841742214293
-3.77713003417887e-16
0.0161250251260004
0.0639289832990412
0.141662915926410
0.246348934373132
0.373483982769684
0.516333463777189
0.664976002726146
0.806079563743495
0.924613317878215
1.00902900696949
1.05686554429095
1.07535849348607
1.07681288919564
1.07165772528698
1.06462910075323
1.05784751236616
1.05111192634571
1.04362837679798
1.03378336325499
1.01929718539611
0.998396288166197
0.971667385633717
0.942643714843688
0.916170398247840
0.895918894815919
0.883009165432422
0.876330290942250
0.873736040514233
0.873124048670721
0.873077836354875
-3.49875175402373e-16
0.0162335514325036
0.0643589847805035
0.142614063382328
0.247994424884529
0.375940633444610
0.519609187129042
0.668900057362537
0.810178004161370
0.928207342046584
1.01147548021802
1.05782067274237
1.07502191032224
1.07592757236700
1.07044077234528
1.06344827647456
1.05666516138371
1.04997279453385
1.04256701831960
1.03284392907292
1.01846703566516
0.997578350620433
0.970655412737042
0.941221298240106
0.914242083402092
0.893535129052658
0.880307962799894
0.873458848300586
0.870796844286225
0.870168745954616
0.870121316556142
-6.58544854129305e-16
0.0163501956438080
0.0648211332737641
0.143636382359788
0.249762297969986
0.378587047823493
0.523136388648999
0.673088289693137
0.814544700523795
0.932003465453264
1.01402300253697
1.05896160681342
1.07484329706340
1.07502180970074
1.06922691198409
1.06220875817134
1.05541911182053
1.04877096900048
1.04143559023362
1.03183367434936
1.01758257242656
0.996728359656197
0.969604564014633
0.939734065800069
0.912207950148735
0.891005926786368
0.877433419481217
0.870397455874107
0.867661402631241
0.867015703211999
0.866966943480043
8.98659076711769e-16
0.0164752523398964
0.0653166677133523
0.144732773917665
0.251660230375576
0.381416562793751
0.526916760812851
0.677576018040545
0.819191411263016
0.936036322633196
1.01663485410757
1.05991373523733
1.07459372050985
1.07412116326218
1.06793111255908
1.06089783164444
1.05411531552065
1.04749213859403
1.04023127516352
1.03075597086916
1.01667501401104
0.995848659188348
0.968518456058633
0.938184207499933
0.910068899071762
0.888330239994900
0.874381478249499
0.867140956330993
0.864324008124702
0.863659080847527
0.863608867397787
1.22587933731924e-15
0.0166092082507734
0.0658475039943810
0.145907283925541
0.253691687815738
0.384455176451557
0.530949723165539
0.682366253950043
0.824111822187640
0.940236746956387
1.01937805483142
1.06093280751831
1.07418554103190
1.07298694379497
1.06662354475773
1.05948972890054
1.05275214149143
1.04615689435004
1.03897551281226
1.02964431249175
1.01571618739776
0.994940726437008
0.967400141875421
0.936574964613860
0.907826290577059
0.885505256553543
0.871148319821001
0.863683897206872
0.860778371181053
0.860092428295684
0.860040626056468
3.84679066885808e-17
0.0167525342771157
0.0664154910588199
0.147164071177397
0.255866297157451
0.387697540422284
0.535270506804160
0.687473977325717
0.829342586130341
0.944647573947743
1.02204578287814
1.06174084748522
1.07369625443248
1.07173004440328
1.06528059687313
1.05804598676965
1.05132162782306
1.04477079123127
1.03766626202588
1.02848476936224
1.01471031146721
0.994007927161081
0.966257057596453
0.934910783443714
0.905481515599732
0.882529598786624
0.867726299717888
0.860019404235564
0.857017482378039
0.856308591968832
0.856255052383739
3.11369982655912e-16
0.0169056939712677
0.0670224489507967
0.148507306205996
0.258190595107621
0.391168348454510
0.539863672190990
0.692901367098910
0.834865953610098
0.949265039179638
1.02492518082832
1.06273246737023
1.07339224914137
1.07055790734558
1.06370631849149
1.05653376683139
1.04983124470223
1.04332203277063
1.03629194269066
1.02725352044970
1.01367961331117
0.993051187589815
0.965088975442472
0.933195986978351
0.903036252681206
0.879402370106467
0.864112436599344
0.856140923766490
0.853033622562045
0.852299665169329
0.852244231000642
1.10824352954062e-15
0.0170691208807066
0.0676701911262492
0.149940705231754
0.260670058717544
0.394868322359183
0.544771972808793
0.698671500735783
0.840699525905194
0.954058484843499
1.02782750570887
1.06336039296126
1.07251339414455
1.06912485290069
1.06213456972659
1.05496317785617
1.04828605132971
1.04182288638041
1.03487824217246
1.02597163768841
1.01260182961602
0.992075776422575
0.963903473736346
0.931435367018602
0.900492595742794
0.876118747370524
0.860302136186887
0.852040677572491
0.848818171444134
0.848056821893168
0.847999315173695
-9.67066845320777e-16
0.0172434843571160
0.0683613196595208
0.151470478650182
0.263316480881030
0.398813666089597
0.549991172998276
0.704792083998278
0.846857721578943
0.959064382685090
1.03079047767730
1.06412263559318
1.07175000773054
1.06772692724765
1.06053281912052
1.05332438833951
1.04667919269993
1.04025504259603
1.03339371014052
1.02465275358689
1.01148878314831
0.991081666878490
0.962706985369771
0.929634365780632
0.897852713803128
0.872678281263734
0.856285248271491
0.847710057563072
0.844361572070805
0.843570262106063
0.843510490978398
5.76208973358644e-17
0.0174293721098135
0.0690982233314510
0.153102020411961
0.266138607164326
0.403020984718428
0.555542335479307
0.711296757991186
0.853297616445375
0.964223288272661
1.03373516828718
1.06481981994003
1.07105065074362
1.06618351596766
1.05885409233128
1.05163907223755
1.04500940442998
1.03861814410753
1.03183582055057
1.02324668994090
1.01035096397778
0.990069363779828
0.961501948106391
0.927799150175396
0.895119303303090
0.869077676651534
0.852059929471567
0.843139363872342
0.839653204572868
0.838829110372170
0.838766859783988
-7.09415033604308e-16
0.0176275504449558
0.0698838805434598
0.154841466646856
0.269149464564973
0.407505310975868
0.561472290544058
0.718134221544716
0.860068679158542
0.969576598174189
1.03665337196914
1.06530344913936
1.06993068827639
1.06459060255857
1.05706631022910
1.04989538525359
1.04329523057909
1.03693473645276
1.03021698787642
1.02180991915061
1.00915472838948
0.989046778297426
0.960295293025148
0.925935145218029
0.892295295116959
0.865315311527162
0.847617309231661
0.838318333245714
0.834681238216861
0.833821234946760
0.833756265860472
3.97606756854082e-16
0.0178386519500158
0.0707208914037886
0.156694816999483
0.272355607273237
0.412278375848764
0.567778599793722
0.725394793448560
0.867184224893018
0.975073717758960
1.03955442758524
1.06584118267501
1.06897221072558
1.06290759572217
1.05524816902254
1.04808833105639
1.04152204753980
1.03519657780483
1.02855415382885
1.02032350771340
1.00791098278801
0.988008824978106
0.959093135952922
0.924050184219965
0.889384408436937
0.861388783224891
0.842946776497339
0.833234815497553
0.829432402163068
0.828533004255533
0.828465057441532
-2.92619205997511e-16
0.0180635218250137
0.0716126258822447
0.158669522454374
0.275772763797852
0.417361022171415
0.574446808566278
0.733096260946066
0.874626208941656
0.980684113640056
1.04239502690502
1.06611854275790
1.06768375073485
1.06112662326449
1.05336818663745
1.04623094410617
1.03969633773289
1.03340626335446
1.02683027626047
1.01876501034231
1.00664543735960
0.986969111835759
0.957902302347477
0.922152539284743
0.886390719731579
0.857292883143670
0.838039190359045
0.827875472033900
0.823891945817823
0.822949323677185
0.822878104250410
3.30696125000187e-16
0.0183030886388242
0.0725627698026576
0.160774172701127
0.279414897790883
0.422777849392512
0.581555278777241
0.741223576102126
0.882398488902652
0.986441521264565
1.04514771486116
1.06623089732388
1.06631763772973
1.05925772491119
1.05143043476785
1.04432372483148
1.03782113044646
1.03156185007362
1.02505195889915
1.01715407483422
1.00533135952656
0.985917493010138
0.956728363945983
0.920249402150332
0.883318888838244
0.853028574202891
0.832885821203622
0.822226619653671
0.818043476283773
0.817053201493875
0.816978376465806
3.66364381040335e-16
0.0185583322652107
0.0735752745445335
0.163017423505784
0.283295430723371
0.428548233620865
0.589107651494037
0.749808001427409
0.890502424405567
0.992280918452658
1.04778465415555
1.06616373303276
1.06481749325968
1.05731033214564
1.04943828987845
1.04236784653993
1.03589690130301
1.02966647242954
1.02321826821581
1.01548744924148
1.00397362646380
0.984857262524027
0.955577339001134
0.918351549544303
0.880174659481895
0.848589761631443
0.827475666996205
0.816270985553109
0.811868190224970
0.810825464837278
0.810746671962220
-2.74368587311687e-16
0.0188302869503109
0.0746543052610593
0.165408939915005
0.287437067700099
0.434702501823321
0.597133276543571
0.758864510516883
0.898937733290538
0.998199983390779
1.05028561229611
1.06590547255757
1.06318240226884
1.05528778579329
1.04739511619282
1.04036547556310
1.03392574008381
1.02772172310495
1.02133179714642
1.01376407686928
1.00257452162660
0.983793337919503
0.954457019253595
0.916469436229564
0.876964190219202
0.843974107324074
0.821795567914593
0.809990275776155
0.805345130489224
0.804244495260287
0.804161317088357
4.21414061271849e-16
0.0191201419707273
0.0758046143257432
0.167959228023062
0.291850190589265
0.441249543369613
0.605664999136628
0.768428268940916
0.907699220650341
1.00415515112868
1.05260091785964
1.06543401484474
1.06141538011716
1.05319551089256
1.04530430875860
1.03831893397600
1.03190953791582
1.02572970380930
1.01939205009322
1.01198214105871
1.00112791753924
0.982721102819635
0.953374143022787
0.914613530789611
0.873694706660099
0.839178258934430
0.815831472429561
0.803363629789996
0.798450531666420
0.797285843625563
0.797197818403193
-4.59290131305726e-16
0.0194291421102998
0.0770312529550135
0.170679980127431
0.296562426143036
0.448245704315392
0.614736321124197
0.778519568729391
0.916779447272135
1.01012188359863
1.05472250430706
1.06475211034990
1.05952530995062
1.05103993824737
1.04316957085588
1.03623052451979
1.02985035626158
1.02369228052412
1.01740212772229
1.01014684222071
0.999633096569307
0.981645016279245
0.952334243011778
0.912795547445203
0.870374378910561
0.834198653394128
0.809567609562977
0.796367376453138
0.791157381283504
0.789921650907798
0.789828248224764
-3.84943168389538e-16
0.0197586720575209
0.0783398703984649
0.173584407137572
0.301593947525886
0.455704416663790
0.624382620733704
0.789147371444423
0.926163419477826
1.01604401522670
1.05658420552476
1.06384899277326
1.05751217030500
1.04882709499364
1.04099465620424
1.03410285285579
1.02775033414342
1.02161165174696
1.01536306296992
1.00824986761024
0.998085418402005
0.980556587484965
0.951343665192495
0.911028755165271
0.867012450074683
0.829031370429822
0.802985994326097
0.788974373209026
0.783434601186552
0.782119883955415
0.782020498087297
7.53250309705763e-16
0.0201102673276533
0.0797366949776565
0.176686411313725
0.306968491767268
0.463671067322467
0.634646753992055
0.800340836159959
0.935842520087104
1.02187926354806
1.05815470758217
1.06270446376665
1.05538863138491
1.04656452413824
1.03878317170321
1.03193858468528
1.02561192989820
1.01949001896636
1.01327718173618
1.00629767366862
0.996481862586001
0.979456660843086
0.950407854123534
0.909327525665074
0.863619209848094
0.823672283562894
0.796066488459483
0.781153887949370
0.775246897413048
0.773844142334843
0.773738084106772
-2.48665348119307e-16
0.0204855322099252
0.0812283642791024
0.180001066976300
0.312717502360294
0.472192111988438
0.645580234059930
0.812129093728735
0.945774372057224
1.02758028653690
1.05942423045713
1.06134013752236
1.05316492212153
1.04425939279727
1.03653951342154
1.02974049863806
1.02343760187621
1.01732978658590
1.01114612370356
1.00428905604459
0.994824244441178
0.978342003337126
0.949530289588348
0.907705458540060
0.860205945213084
0.818116469167737
0.788785523362404
0.772869850274097
0.766552789228127
0.765051644993799
0.764938136840138
1.02155883881278e-15
0.0208863750633567
0.0828226984030551
0.183547823669012
0.318872603982385
0.481301878769002
0.657225203358219
0.824527836621516
0.955949789129230
1.03305509794909
1.06034510412257
1.05974306256325
1.05085538685760
1.04191932353308
1.03426724020455
1.02751196432969
1.02123003516304
1.01513306856183
1.00897263517284
1.00222604656503
0.993104894524632
0.977205532798477
0.948712935133816
0.906175090589906
0.856784880119601
0.812358332886627
0.781116169101777
0.764080828987312
0.757304524229519
0.755693079687396
0.755571216997861
7.81392393711503e-17
0.0213148346400773
0.0845283294835048
0.187347178992451
0.325476243465404
0.491079067801923
0.669644695286561
0.837576488018977
0.966308859878637
1.03829272451379
1.06088082503041
1.05793467006824
1.04847461103712
1.03955221833371
1.03197109753042
1.02525595482900
1.01899186714946
1.01290243200491
1.00675867827639
1.00010791837658
0.991318992078868
0.976036700780899
0.947956288352920
0.904752411865445
0.853368835040949
0.806390864636833
0.773026755721693
0.754738064388748
0.747445878607763
0.745710353855210
0.745579083478805
-3.17528592547146e-16
0.0217733634531865
0.0863554238510932
0.191423261798924
0.332573083254725
0.501572854149815
0.682916090844889
0.851278620964544
0.976825125640177
1.04318685947991
1.06102913497071
1.05593091806982
1.04603897155068
1.03716573130366
1.02965544228980
1.02297618276142
1.01672609215425
1.01064010324610
1.00450578482390
0.997934281200586
0.989461290723028
0.974830384325648
0.947257818806359
0.903448282964395
0.849970815727439
0.800205163377208
0.764479654334749
0.744783754504719
0.736910139703148
0.735034590736543
0.734892708784507
-3.52422081384648e-16
0.0222648684625210
0.0883163060476037
0.195805695907481
0.340212630922414
0.512861664303351
0.697107731719775
0.865663066098348
0.987402365319210
1.04767996543019
1.06077070620324
1.05375473608651
1.04356545151298
1.03476837848108
1.02732553918224
1.02067631694895
1.01443538121294
1.00834808415799
1.00221614966039
0.995708659251268
0.987531752709761
0.973573970879312
0.946610841762215
0.902272605526885
0.846603192752480
0.793789425396228
0.755429871147453
0.734149124006139
0.725617955096854
0.723583857489162
0.723429938076323
3.18433513804955e-16
0.0227928468851758
0.0904258259573914
0.200531250780848
0.348461476341132
0.525050864229143
0.712306728348752
0.880740795197837
0.997978830964105
1.05163157597910
1.06009418129381
1.05143431887984
1.04107216562748
1.03236818056444
1.02498647678450
1.01836101980714
1.01212293649393
1.00602805468135
0.999889932424630
0.993428256671873
0.985520057270749
0.972248514899112
0.946002059663757
0.901233573881868
0.843276751127007
0.787127878023404
0.745822980608534
0.722751567670833
0.713474121056241
0.711259800747270
0.711092207242113
-6.30076518691008e-16
0.0233619604090593
0.0927035498770408
0.205647765453343
0.357420941390891
0.538279261732590
0.728639844304332
0.896521419339141
1.00843412966291
1.05508427561246
1.05901876617564
1.04900520727182
1.03857749193091
1.02997367162421
1.02264507953310
1.01603460374486
1.00979182159442
1.00368195854996
0.997528314802680
0.991094346221712
0.983425922217594
0.970831587480974
0.945411233087615
0.900330982880484
0.839999089604210
0.780198645077149
0.735592163051156
0.710490777442393
0.700363188549819
0.697943250663436
0.697760065057639
2.15151311563351e-16
0.0239781510493752
0.0951745839601954
0.211212626779999
0.367185498082248
0.552673127938254
0.746224207371617
0.913007087243142
1.01869421595770
1.05784735962914
1.05757677422211
1.04650562377305
1.03609954370100
1.02759550373374
1.02030842079212
1.01370297304801
1.00744567850858
1.00131095230436
0.995130948949294
0.988704103409757
0.981234556228233
0.969323690946747
0.944821852922232
0.899559749237734
0.836772600218527
0.772971533774670
0.724654699547145
0.697244091067947
0.686144348022100
0.683488909555353
0.683287834063595
6.96659017364812e-16
0.0246496671734153
0.0978731747262117
0.217309907052457
0.377913515554743
0.568437119443249
0.765210033900796
0.930160859020070
1.02855458692313
1.05995562657734
1.05579352059172
1.04397949043591
1.03365778488325
1.02524508809533
1.01798591694453
1.01137281458401
1.00508907170324
0.998917466318128
0.992697508933454
0.986256850001986
0.978947021018067
0.967687866686625
0.944196288906472
0.898905265163218
0.833591712341527
0.765405102568650
0.712908271161470
0.682862023764097
0.670646488676048
0.667720160252179
0.667498518363429
-1.31694505352942e-15
0.0253876357951107
0.100845321301669
0.224046465631550
0.389784043492823
0.585872595194009
0.785762771220253
0.947918054302112
1.03790466815422
1.06127790549851
1.05375918572491
1.04146821234560
1.03127107932253
1.02293623965800
1.01568927755482
1.00905376177539
1.00272846006675
0.996504862861479
0.990229057135006
0.983751571723766
0.976553643708584
0.965895286954571
0.943501498205038
0.898341347751016
0.830439400542608
0.757441673124481
0.700224036484660
0.667159495743371
0.653658447866562
0.650419406247938
0.650174008378322
-5.73851512585881e-16
0.0262073150477311
0.104153223828529
0.231562106265504
0.403039733027450
0.605092159841731
0.808019270931815
0.966170728948047
1.04648886777066
1.06188732665077
1.05152769633409
1.03901531795461
1.02896161819475
1.02068601904869
1.01343413873532
1.00675910057806
1.00037454416830
0.994080382559496
0.987729100690908
0.981189314630875
0.974056000024133
0.963948096177495
0.942694213601729
0.897829783239260
0.827282828553432
0.749001591879418
0.686439282373349
0.649907091787363
0.634919691493039
0.631318382036323
0.631045459763921
-1.60233666263894e-16
0.0271295187948381
0.107880510007389
0.240046249186043
0.417988827931052
0.626650041608655
0.832134864406197
0.984742843716279
1.05412587452935
1.06176417643707
1.04919735066588
1.03666340429207
1.02675430633103
1.01851827978905
1.01124250225940
1.00450879960701
0.998044694041021
0.991658027613202
0.985207699909796
0.978575751391375
0.971452649244678
0.961810397841785
0.941715674233654
0.897319107409376
0.824068053165717
0.739974956199470
0.671347903110930
0.630820481431850
0.614109176294962
0.610086821120434
0.609781879849739
-4.43470704005454e-16
0.0281817476196478
0.112137164249957
0.249738335115316
0.434987763099907
0.650756676282921
0.858196069786379
1.00331241333706
1.06063589937761
1.06094133523640
1.04685948105372
1.03445412793017
1.02467909170129
1.01646309469349
1.00914516771125
1.00233310969851
0.995767333871790
0.989263587753834
0.982686793183116
0.975930250158074
0.968759650699839
0.959504231037013
0.940560039148952
0.896747366930686
0.820714283793811
0.730210405313464
0.654686626001978
0.609545824967327
0.590830234103417
0.586317313277014
0.585975050800313
2.16057033051058e-15
0.0294002600793392
0.117065112822665
0.260943892011527
0.454521555698614
0.677938360227508
0.886232022394515
1.02147360150976
1.06568510377980
1.05960888902075
1.04460731414916
1.03242699727114
1.02277034928071
1.01455924171822
1.00718422163478
1.00027655900755
0.993587974892666
0.986941615805900
0.980208424793532
0.973290508235423
0.966012841685415
0.957028078129425
0.939194943830830
0.896051570854493
0.817106981893364
0.719498414278260
0.636116134559134
0.585640950809439
0.564592282406386
0.559506593923486
0.559120735558459
2.25319432964479e-16
0.0308297699220055
0.122839175764771
0.274027163393503
0.477115745604555
0.708569664616530
0.916045280332093
1.03872070828988
1.06920883553507
1.05786555298613
1.04252333422191
1.03061776040189
1.02106824449796
1.01285501404169
1.00541607072067
0.998402188623233
0.991575230001435
0.984764456011481
0.977845481716968
0.970727956221685
0.963281983041005
0.954446117241210
0.937606218242307
0.895173219961306
0.813092720385304
0.707551621794988
0.615200038890355
0.558557560830523
0.534794689134003
0.529041814535286
0.528605167363494
6.40362641443814e-16
0.0325259655103164
0.129672689048466
0.289418661605283
0.503322327001559
0.742968677803090
0.947245376564364
1.05428869499147
1.07118292711055
1.05590721198613
1.04066655030533
1.02905681651480
1.01961359243636
1.01140456785063
1.00390879823639
0.996793117364606
0.989825927489799
0.982839993341289
0.975714140115445
0.968363080379277
0.960689463222208
0.951887714229635
0.935908862243516
0.894096464165905
0.808478522240480
0.693977552440837
0.591378354052536
0.527626053133852
0.500718864656071
0.494191059628360
0.493695391997415
2.82479929185069e-16
0.0345531174011458
0.137811217903287
0.307614353138873
0.533758245795632
0.781297742445518
0.979091525254071
1.06755642423340
1.07155270534255
1.05389789933790
1.03906170699845
1.02775616697084
1.01843585089582
1.01025838454794
1.00273626969902
0.995547646567564
0.988463698125386
0.981316323366306
0.973983922922172
0.966382710105092
0.958435658034727
0.949543700961100
0.934264935689501
0.892862481493679
0.803038190742783
0.678251080102994
0.563944400247400
0.492052691173811
0.461537021279224
0.454119203086798
0.453555635088472
-9.93198568838985e-17
0.0369854269028611
0.147534905168978
0.329146206127124
0.569024182383495
0.823493391307715
1.01044952749226
1.07774147265834
1.07068916276242
1.05195692509889
1.03768784955443
1.02669969166683
1.01754117807570
1.00944849802461
1.00196137851461
0.994764580344753
0.987626946987365
0.980373705256222
0.972876665952111
0.965047030648624
0.956816364793777
0.947756124538374
0.932993242596595
0.891663784783713
0.796534123769537
0.659692409447602
0.532041930362866
0.450961985204937
0.416381185549770
0.407961353578217
0.407321522929941
1.29954118838559e-15
0.0399067349911829
0.159155633245263
0.354607633940584
0.609616646581542
0.869140982078118
1.03982856135110
1.08428835770089
1.06881837098843
1.05011192307561
1.03647050948889
1.02582723188754
1.01689021456414
1.00896460529610
1.00161077712257
0.994515500417413
0.987439565747297
0.980196382010345
0.972641788830183
0.964674619370398
0.956221144739587
0.946965360813296
0.932571559908791
0.890865132504634
0.788755573892955
0.637474421044691
0.494730285270401
0.403545907270553
0.364539138894193
0.355030994467255
0.354308418809627
-1.49296062982367e-15
0.0434134528508496
0.173036352232437
0.384649076385654
0.656037649856052
0.917257280764317
1.06562717332880
1.08716814418734
1.06630110066484
1.04829038735094
1.03527787378198
1.02501950383715
1.01638536815758
1.00873605994014
1.00164879927203
0.994809655247770
0.987968146223642
0.980919966623648
0.973499746492414
0.965582773494895
0.957076296816158
0.947735342641737
0.933714571583694
0.891089609784894
0.779552574886009
0.610677466028096
0.451164802012990
0.349379281577161
0.305839029802543
0.295224187217614
0.294417408081047
-1.79288550680298e-15
0.0476201638648863
0.189600300920509
0.420007371862156
0.708596159847296
0.966355754078852
1.08559004414298
1.08650701115246
1.06332889157431
1.04631539278285
1.03392002881010
1.02410149062021
1.01586651920748
1.00862272793821
1.00196065135688
0.995563710900617
0.989171094978096
0.982560254845638
0.975543403751582
0.967967285440670
0.959712000909656
0.950561107435859
0.937082463492081
0.893079201215188
0.768840527086853
0.578483656718093
0.401067579312061
0.289082059581307
0.241395141730416
0.229784457765151
0.228902120472522
1.71204952188344e-15
0.0526751086916499
0.209398914730448
0.461622136915727
0.767374809423952
1.01402792794025
1.09887132828033
1.08327876589262
1.05994236632583
1.04395209274906
1.03217333339525
1.02286343404980
1.01513681436538
1.00843741268495
1.00236600071353
0.996603817872412
0.990881668913440
0.984967081154298
0.978655915826355
0.971775358724051
0.964177641824336
0.955653116157930
0.943172666268395
0.897546244859430
0.756487727850979
0.540413091672451
0.345330510035343
0.225065160698624
0.174385466655571
0.162086618471435
0.161152590351456
-3.72062207426239e-15
0.0587853506847285
0.233197189196140
0.510672553280171
0.832364237164355
1.05743360074069
1.10427264212588
1.07817366506496
1.05597627857180
1.04094308959599
1.02981084579013
1.02110120367156
1.01400710175285
1.00799417803688
1.00266650658560
0.997704229263388
0.992836758332019
0.987832622922402
0.982488863598877
0.976626517925542
0.970087866404036
0.962668080897270
0.951796143863210
0.904780512781939
0.742154535608898
0.496643021224291
0.286623216467362
0.162055705691193
0.110468473567241
0.0980192380007733
0.0970747950155557
-1.67888633548330e-16
0.0662534734561259
0.262111422003345
0.568822768358039
0.902364213532144
1.09227606323229
1.10222780936370
1.07180362064785
1.05116570367513
1.03705220839337
1.02665461513374
1.01868051029371
1.01236473884745
1.00717509304841
1.00271264819061
0.998658786889973
0.994753588904280
0.990776274463131
0.986542404968946
0.981887952534686
0.976665842565004
0.970690316384634
0.961949807721578
0.914361898107849
0.725276949130351
0.448179120636939
0.229305266060169
0.106497771941923
0.0568875181644993
0.0450111734923618
0.0441118366273184
-2.31810291474608e-16
0.0755483100587414
0.297817791865406
0.638148416172965
0.974992442254662
1.11386543252198
1.09458619341200
1.06431821983905
1.04523722711159
1.03212491259810
1.02264790954445
1.01560424108162
1.01023125411514
1.00598342950218
1.00245803557709
0.999349105425925
0.996414368771145
0.993461686338294
0.990332273908493
0.986890598344539
0.983013103258851
0.978537725291044
0.972070427354793
0.925514137628897
0.705361554685090
0.396595527456324
0.178216334120301
0.0646033644578350
0.0202066365039500
0.00968997262496535
0.00889480438461103
-5.90032950358396e-15
0.0874227709616595
0.342934765638728
0.721167816383178
1.04515318843088
1.12098033827472
1.08336136894745
1.05548350506000
1.03800762039983
1.02617842409912
1.01792885106381
1.01206342004901
1.00779064651039
1.00455562518845
1.00197015808042
0.999757562369684
0.997713765491227
0.995678133747500
0.993528105539167
0.991150807861859
0.988442083051717
0.985251922973856
0.980676216117439
0.937748812768068
0.682330685402636
0.343281238966730
0.136971136974243
0.0402424415762235
0.00411439870092853
-0.00432216481435975
-0.00495810563674603
3.83978141689333e-15
0.103123489498977
0.401648263960858
0.820306342504089
1.10275238362767
1.11215425393602
1.06987385382920
1.04501824670770
1.02956408533766
1.01953090985310
1.01290388141816
1.00844281143082
1.00535326390502
1.00311411250349
1.00138759386684
0.999950574241431
0.998645596622771
0.997357006666808
0.995991905177567
0.994460746695467
0.992660757883761
0.990422633601178
0.987178201868616
0.950862988707859
0.656442180756495
0.288742076225583
0.107116226835287
0.0341036408217134
0.00864781573450407
0.00283193215827130
0.00239565069970393
5.92664830279565e-15
0.124798111217649
0.480578472441739
0.934682462515376
1.13477262586457
1.09293669723221
1.05432874936280
1.03310624217360
1.02051340195273
1.01289385100696
1.00819555361288
1.00521601348887
1.00324789373617
1.00187555597904
1.00085028992686
1.00001406761502
0.999264948939724
0.998529501219274
0.997743174769769
0.996839181944922
0.995713747092505
0.994162319914270
0.991659464984530
0.964929253926295
0.627700509238964
0.233060808893635
0.0889187951640377
0.0440941549826219
0.0303651234524389
0.0273617199878800
0.0271386223946649
1.98020309936536e-15
0.156791784939889
0.591376093570289
1.05394570542067
1.12874962792025
1.06820582207540
1.03698625848263
1.02079664208737
1.01206648888939
1.00722624788013
1.00443881604920
1.00276165003670
1.00169542116371
1.00097366461351
1.00044499880726
1.00002034710663
0.999643956270103
0.999273935301318
0.998875760142063
0.998404574467658
0.997774814663436
0.996779791844056
0.994839308089548
0.978585659889729
0.594571423862941
0.177733177963804
0.0834572484324625
0.0664531849083364
0.0629719268514305
0.0623295094867963
0.0622835978693996
-1.49913194340925e-15
0.207425553348788
0.749745630458615
1.13978964430162
1.09213043790423
1.04131292632556
1.02003236322996
1.01033342133582
1.00564365565423
1.00325344919248
1.00194848379059
1.00119389304469
1.00072667412053
1.00041594391344
1.00019061338392
1.00001198364797
0.999853886890754
0.999698885875472
0.999530701728749
0.999326857933191
0.999037142562254
0.998516326070408
0.997260246630357
0.989764968793236
0.552702662920322
0.129799824938089
0.0923137445699182
0.0948876315778155
0.0970141378980874
0.0975521005150575
0.0975925138522403
-1.96055460318797e-14
0.301346021887973
0.969794491589478
1.12931798611131
1.04559166495607
1.01752055955778
1.00761740535356
1.00367679503056
1.00193484103472
1.00109147709923
1.00064833429218
1.00039275356644
1.00023808869763
1.00013581260104
1.00006241581946
1.00000432667821
0.999952954584407
0.999902704864615
0.999848177126696
0.999780803187699
0.999681995879131
0.999489332403178
0.998947213453078
0.996541548061393
0.489156729044401
0.106911613334202
0.113139219987739
0.120176047375995
0.122411419596647
0.122892323608629
0.122928837358419
3.89048631288243e-14
0.497242795394882
1.14242787855348
1.04659620962413
1.01185368750452
1.00397769397203
1.00161429295715
1.00075808892232
1.00039021632401
1.00021827963047
1.00012832418837
1.00007790113693
1.00004720768568
1.00002687674923
1.00001235254345
1.00000088979096
0.999990800278730
0.999980925833771
0.999970152851571
0.999956663923255
0.999936654433284
0.999896728424680
0.999775733559020
0.999343167065820
0.375868586094482
0.120152574231158
0.131437704144288
0.134032151741337
0.134679575296445
0.134809705214706
0.134819066456538
0.248518368693305
0.849063650234720
1.05106433199394
1.00660668930235
1.00154376093900
1.00050513319419
1.00020151175228
1.00009429947215
1.00004873602136
1.00002706566962
1.00001596690418
1.00000971891645
1.00000585484912
1.00000334111524
1.00000153485451
1.00000011169173
0.999998863697382
0.999997614193988
0.999996295920145
0.999994660620918
0.999992110731868
0.999987174571860
0.999971700387583
0.999925991000829
0.167655069568450
0.135000354218286
0.137084502576522
0.137441528988039
0.137525641629083
0.137542338420747
0.137543018383400
0.500000000000000
0.967990849348897
1
1
1
1
1
1
1.00000000000000
1
1
1
1.00000000000000
1.00000000000000
1
1.00000000000000
1
1
1
1
1.00000000000000
1.00000000000000
1
1
0.0684497544088436
0.137931034482759
0.137931034482759
0.137931034482759
0.137931034482759
0.137931034482759
0.137931034482759