-2.25795093494017e-23
-1.03397125021992e-06
-1.46902882503099e-05
-7.25795683891755e-05
-0.000223577504954214
-0.000526466851831841
-0.00103772087146933
-0.00178940112776159
-0.00275570830910512
-0.00382084625485776
-0.00478872066780106
-0.00547813824880584
-0.00572039729196278
-0.00569411673526700
-0.00536318089380002
-0.00495017673981340
-0.00449881974232289
-0.00406794912397519
-0.00366356033902300
-0.00330670660650009
-0.00300007269874913
-0.00271987111546142
-0.00242325126952273
-0.00207384004417285
-0.00166764967920723
-0.00123556573508080
-0.000823937703500238
-0.000474170605309695
-0.000213040290419816
-5.34854640199676e-05
0
-4.08175754277806e-23
-1.03479028611613e-06
-1.47016808616528e-05
-7.26340399770383e-05
-0.000223691439229038
-0.000526888254534346
-0.00103847225646919
-0.00179047239028775
-0.00275759712731906
-0.00382338730136884
-0.00479424513906597
-0.00547888702858148
-0.00572514437018844
-0.00569455678299279
-0.00536712166337168
-0.00495172971188263
-0.00450111499804391
-0.00406906646814266
-0.00366474291282025
-0.00330751911619445
-0.00300098509492573
-0.00272073855507408
-0.00242413225125135
-0.00207468063491408
-0.00166844157970105
-0.00123620501718588
-0.000824362702449093
-0.000474431016975282
-0.000213157141003439
-5.35149544432613e-05
0
8.39490768905338e-24
-1.03703917632885e-06
-1.47324608926336e-05
-7.27816840809129e-05
-0.000224168574614511
-0.000528059893114352
-0.00104074613417274
-0.00179553989229043
-0.00276434128891813
-0.00383091782438152
-0.00481254187265665
-0.00548202940481165
-0.00574276626240390
-0.00569330502220554
-0.00537837565090459
-0.00495678677727405
-0.00450763744077028
-0.00407256362016379
-0.00366859711209074
-0.00331046182603161
-0.00300354863311293
-0.00272340607018179
-0.00242698371908031
-0.00207720778879428
-0.00167082004308770
-0.00123807458305874
-0.000825702758193669
-0.000475195510985245
-0.000213508350658952
-5.36034004866004e-05
0
4.58769293055939e-23
-1.04150226145959e-06
-1.47984429402888e-05
-7.31121950598488e-05
-0.000225093406927312
-0.000530062759724072
-0.00104523994347807
-0.00180252917228537
-0.00277471548290577
-0.00384317461028209
-0.00481534168853528
-0.00549073111473599
-0.00576318216975045
-0.00570216023382445
-0.00536311639167028
-0.00496153065456241
-0.00451597259115734
-0.00407937630413891
-0.00367411289808308
-0.00331579705233231
-0.00300823105352036
-0.00272765052861947
-0.00243127917683528
-0.00208176456214657
-0.00167478543150686
-0.00124130086587935
-0.000827934170320421
-0.000476517234313741
-0.000214096204083117
-5.37512609797276e-05
0
-1.90154517182311e-22
-1.04788356590644e-06
-1.48846503106153e-05
-7.35289996973127e-05
-0.000226384125078336
-0.000533306163239876
-0.00105139297657444
-0.00181141201169049
-0.00278853406886047
-0.00386479673138881
-0.00483801158644712
-0.00553679885928863
-0.00577880575974057
-0.00572280418478457
-0.00538081181114912
-0.00496779789227585
-0.00452631452143348
-0.00408599071141922
-0.00367866491035636
-0.00332229479828079
-0.00301398781501733
-0.00273393490658492
-0.00243741523385171
-0.00208792086743496
-0.00168036439169893
-0.00124568966188084
-0.000830977219477219
-0.000478309970582947
-0.000214916155887221
-5.39576331383509e-05
0
-1.56393027407656e-25
-1.05570910094386e-06
-1.49973124089552e-05
-7.40822260117886e-05
-0.000228053380061000
-0.000536855558082655
-0.00105795424352741
-0.00182434725494953
-0.00280681329703814
-0.00388646310814159
-0.00487264115884032
-0.00553984676344973
-0.00581742476708906
-0.00571597724699440
-0.00539513877393677
-0.00498239139499672
-0.00453338203301151
-0.00409742806731988
-0.00368936898689810
-0.00332988987152460
-0.00302213683705428
-0.00274182931117536
-0.00244581969083745
-0.00209598107426389
-0.00168757894333214
-0.00125144816700825
-0.000834983325765748
-0.000480674173257450
-0.000215981566293084
-5.42256884769674e-05
0
5.16851764328709e-23
-1.06481275141288e-06
-1.51249326734832e-05
-7.46867015155130e-05
-0.000229857133966732
-0.000541277043870975
-0.00106745367357698
-0.00183996094531269
-0.00282760407082942
-0.00391633079973675
-0.00490395911604360
-0.00557275181099422
-0.00584333390219975
-0.00574430038728382
-0.00542459887492318
-0.00500083798370781
-0.00454731436700061
-0.00410889080788650
-0.00370178811767733
-0.00334140809760984
-0.00303145918247574
-0.00275156831043291
-0.00245574716040994
-0.00210586654767755
-0.00169645737907636
-0.00125857697348828
-0.000839904644003535
-0.000483570386767270
-0.000217298991093383
-5.45570523207564e-05
0
1.09519959559935e-22
-1.07419916417124e-06
-1.52656581009917e-05
-7.54325502749883e-05
-0.000232240708571561
-0.000546785049632872
-0.00107847129188008
-0.00185605978311901
-0.00285449029808535
-0.00394715632973174
-0.00493349171619036
-0.00561099639275450
-0.00586884095098131
-0.00577347822819339
-0.00544050992439125
-0.00501525530195248
-0.00456710408801509
-0.00412452985447733
-0.00371445119907525
-0.00335271686637786
-0.00304319265273013
-0.00276300605805402
-0.00246766827336090
-0.00211760312338695
-0.00170704317866031
-0.00126701501839186
-0.000845804863150205
-0.000487037836383848
-0.000218868312496139
-5.49514139289365e-05
0
-2.70543543629374e-23
-1.08670608672230e-06
-1.54354250497170e-05
-7.62390541287134e-05
-0.000234699974480381
-0.000552744340224764
-0.00108937613920919
-0.00187693701813328
-0.00288560104115049
-0.00398678495157693
-0.00497446006595914
-0.00564198821735400
-0.00590798839063574
-0.00581363637473054
-0.00547916616487841
-0.00503503244110822
-0.00458652628528762
-0.00414318683266371
-0.00373109970066150
-0.00336732323058545
-0.00305719686641503
-0.00277642557563310
-0.00248150635921038
-0.00213132625874486
-0.00171938542235786
-0.00127686284498721
-0.000852689494289257
-0.000491075031160706
-0.000220700154661934
-5.54126101179849e-05
0
-7.01663643988673e-23
-1.10073125176264e-06
-1.56379283893864e-05
-7.72612615211277e-05
-0.000237823730108279
-0.000560129448823393
-0.00110377617399389
-0.00190038180502734
-0.00292022823466642
-0.00403419726250151
-0.00502732339183973
-0.00570654444736136
-0.00595207624125900
-0.00583793484954766
-0.00549754963492150
-0.00506599784713089
-0.00460678397087048
-0.00416243350107048
-0.00374959275080946
-0.00338498402772818
-0.00307241536672052
-0.00279199417161216
-0.00249739694731916
-0.00214699996066167
-0.00173354260975456
-0.00128820042625988
-0.000860581913764398
-0.000495726091463533
-0.000222807623988928
-5.59426597568730e-05
0
-5.90064309581094e-23
-1.11790695181701e-06
-1.58807029962963e-05
-7.84498456856007e-05
-0.000241595154247741
-0.000568895712115381
-0.00112173277295788
-0.00192921658392852
-0.00296165414396047
-0.00408571331083048
-0.00508911478461159
-0.00576541930913370
-0.00600533660123242
-0.00587202104156724
-0.00553228814737895
-0.00509257295150101
-0.00463240297617980
-0.00418592374633125
-0.00376978704442134
-0.00340212406506378
-0.00308961670212305
-0.00280938040518886
-0.00251536002216392
-0.00216476953585813
-0.00174957540843312
-0.00130105774558300
-0.000869577254563257
-0.000501004886883545
-0.000225199345151626
-5.65445687504009e-05
0
-2.17297024541270e-23
-1.13643494913896e-06
-1.61484972545608e-05
-7.97802563070422e-05
-0.000245662457835739
-0.000578230438907863
-0.00113919110184819
-0.00196202614856885
-0.00300793010019115
-0.00414506381519843
-0.00515419675500767
-0.00582450255513679
-0.00607895402923462
-0.00590544761132110
-0.00557237155917844
-0.00513069871617113
-0.00466033024720331
-0.00421125170264919
-0.00379259227892381
-0.00342259775370768
-0.00310922986872286
-0.00282860447120655
-0.00253515990915215
-0.00218455405516475
-0.00176754544381040
-0.00131548040440256
-0.000879636950967560
-0.000506946816963101
-0.000227887361723964
-5.72204610827246e-05
0
1.46525370385097e-22
-1.15719337278465e-06
-1.64383561569357e-05
-8.12026488102766e-05
-0.000250054309567758
-0.000588659953333974
-0.00115931229267013
-0.00199535938375550
-0.00305768615697308
-0.00420737228255255
-0.00521144716827285
-0.00590099439640914
-0.00610423774422002
-0.00597301207457190
-0.00561140298413538
-0.00515728141979288
-0.00469279069753550
-0.00424035510414838
-0.00381913470777382
-0.00344738391531149
-0.00313038682803719
-0.00285017694813706
-0.00255738380352401
-0.00220664777926221
-0.00178756349677049
-0.00133159890604680
-0.000890867889003744
-0.000513576657169385
-0.000230893055084709
-5.79767329636765e-05
0
2.61098559262314e-23
-1.18028483107846e-06
-1.67701848820360e-05
-8.28692487569332e-05
-0.000255078557068199
-0.000600653657133595
-0.00118226964591061
-0.00203398987158756
-0.00311484413562928
-0.00428171888154486
-0.00530420313017883
-0.00595958374470671
-0.00616571501152397
-0.00602154797685912
-0.00565083057567733
-0.00519887836500761
-0.00472804315890617
-0.00427046277847696
-0.00384756339602656
-0.00347196739602042
-0.00315331643439185
-0.00287355878711889
-0.00258173396226920
-0.00223099642475871
-0.00180970851594701
-0.00134944683575891
-0.000903362901310979
-0.000520946978267852
-0.000234228879294729
-5.88163470256673e-05
0
-6.54230380631768e-23
-1.20572007472430e-06
-1.71295161634694e-05
-8.46197915916573e-05
-0.000260524040374473
-0.000613556985949517
-0.00120801429564986
-0.00207685045334417
-0.00317673073592660
-0.00435733739042566
-0.00538025568161577
-0.00602859308890358
-0.00623191283232444
-0.00608916094395147
-0.00568725150812512
-0.00523860562321985
-0.00476488397874319
-0.00430523286038031
-0.00387785018595133
-0.00349867756324897
-0.00318000669387680
-0.00289934178022737
-0.00260851200369801
-0.00225773642200040
-0.00183409513360339
-0.00136906178106557
-0.000917146661129660
-0.000529066855663000
-0.000237917605411031
-5.97444754311667e-05
0
2.49332452343575e-22
-1.23460331638204e-06
-1.75384259514101e-05
-8.66337246137873e-05
-0.000266821537295870
-0.000627969658585609
-0.00123583385999065
-0.00212164673848762
-0.00324333144811586
-0.00444434809493648
-0.00547898158278557
-0.00612792691259436
-0.00631796684969802
-0.00614290315356764
-0.00574980193147841
-0.00528622382294415
-0.00480810231613036
-0.00434355390320126
-0.00391200138211502
-0.00352960318142298
-0.00320806321488575
-0.00292740695410538
-0.00263755224580629
-0.00228692842167033
-0.00186083699325718
-0.00139074408324097
-0.000932314310056286
-0.000538023350300495
-0.000241981512275250
-6.07663500509559e-05
0
-5.89244153770018e-23
-1.26433780495703e-06
-1.79668235158283e-05
-8.87680021894295e-05
-0.000273372658960919
-0.000643529269380497
-0.00126647938833069
-0.00217409060291206
-0.00331807652933485
-0.00454026914573974
-0.00558794927062666
-0.00622079777411183
-0.00640909340203505
-0.00620784059236445
-0.00580011374451844
-0.00533931585277300
-0.00484950052220227
-0.00438429833712452
-0.00394840207819020
-0.00356212370316083
-0.00323859490343588
-0.00295755420980175
-0.00266902647273725
-0.00231880683820107
-0.00189007832091615
-0.00141434719505112
-0.000949031233616625
-0.000547861626347178
-0.000246443230222000
-6.18892684586887e-05
0
9.02141735610446e-23
-1.29921654182280e-06
-1.84585632017695e-05
-9.12006122635743e-05
-0.000280826269260331
-0.000661039302071883
-0.00130090036257622
-0.00223076958380060
-0.00340144304104604
-0.00463485690841992
-0.00569731429766940
-0.00633565817162971
-0.00649898418046288
-0.00626124881557612
-0.00586652618187311
-0.00538005116972358
-0.00490269719893711
-0.00442854457183162
-0.00398745529320969
-0.00359767595666407
-0.00327092403202339
-0.00299061582207536
-0.00270335371766393
-0.00235347519706213
-0.00192199254960924
-0.00144035674407413
-0.000967287108828308
-0.000558644814629580
-0.000251333332800511
-6.31201323845667e-05
0
6.28380543176334e-23
-1.33779994855455e-06
-1.90021819438877e-05
-9.38769670949905e-05
-0.000289071524215434
-0.000680136716968231
-0.00133743933771277
-0.00229424354469425
-0.00349295074075857
-0.00475205809991105
-0.00580576573062158
-0.00642866925580934
-0.00657750452830655
-0.00634338644204424
-0.00593134845552075
-0.00544307960609857
-0.00495241757330380
-0.00447580951966005
-0.00403012109251662
-0.00363451415320371
-0.00330721133000834
-0.00302621618603085
-0.00274037158246217
-0.00239107158632350
-0.00195673083191949
-0.00146863039660758
-0.000987229752994796
-0.000570459377631954
-0.000256691280424084
-6.44679794997992e-05
0
1.46731190316457e-22
-1.37669367833242e-06
-1.95551583851131e-05
-9.66318800191707e-05
-0.000297550466261301
-0.000700660028764890
-0.00137822176209042
-0.00235943902215570
-0.00358860195206286
-0.00487311595918021
-0.00594097225149209
-0.00656729774696414
-0.00667536731818805
-0.00642145994302221
-0.00600174849484692
-0.00550485429231400
-0.00500806559270492
-0.00452791020511145
-0.00407746917538151
-0.00367859268756224
-0.00334561051056285
-0.00306427470505098
-0.00278033767266599
-0.00243169370954209
-0.00199447211708814
-0.00149944229461368
-0.00100893500536084
-0.000583326770367137
-0.000262542086646227
-6.59408848385056e-05
0
-6.10510183861021e-23
-1.42112288280049e-06
-2.01893302378137e-05
-9.97565922629665e-05
-0.000307275860493869
-0.000723494247892827
-0.00142135158571802
-0.00243378418689287
-0.00369349389019190
-0.00500448658618438
-0.00607648430415450
-0.00668219315855873
-0.00681116380754013
-0.00652052924480318
-0.00606567842853598
-0.00557262492915307
-0.00507152783607441
-0.00458340166678994
-0.00412651335712528
-0.00372367429770632
-0.00338747955900254
-0.00310529775784658
-0.00282324459702742
-0.00247569444855559
-0.00203544932174246
-0.00153305890613354
-0.00103274300949883
-0.000597396370190913
-0.000268934566636665
-6.75499744171242e-05
0
-2.84920146332421e-22
-1.47136280712749e-06
-2.09027742369015e-05
-0.000103274982380308
-0.000318017639848093
-0.000747968111638713
-0.00147072186285678
-0.00251446880798081
-0.00381153246134675
-0.00514829801805112
-0.00622673048726921
-0.00681994937051129
-0.00690156542873873
-0.00660253873204070
-0.00614781737868021
-0.00564103434473879
-0.00513440456732131
-0.00464307049123782
-0.00418113405960893
-0.00377115870287634
-0.00343039103647748
-0.00314915942830968
-0.00286948761925068
-0.00252317240309407
-0.00207990162648074
-0.00156953676011388
-0.00105872117433649
-0.000612767801318604
-0.000275925021243006
-6.93085630518106e-05
0
6.26460597500677e-23
-1.52423393301077e-06
-2.16555438586784e-05
-0.000107021771216228
-0.000329679872599826
-0.000775479137360608
-0.00152511222383277
-0.00260400002297655
-0.00393665029813139
-0.00529588991495943
-0.00637637935493141
-0.00698292918236920
-0.00701076214064843
-0.00670108471192670
-0.00624008039359467
-0.00571995321938911
-0.00520512279884616
-0.00470751701808051
-0.00423977045401775
-0.00382322886741656
-0.00347846023907728
-0.00319616997672985
-0.00291898977969012
-0.00257446778432358
-0.00212809380490110
-0.00160933358531489
-0.00108683626763114
-0.000629519090843272
-0.000283540874000672
-7.12269385930262e-05
0
-1.16206085275449e-23
-1.58107081602783e-06
-2.24685804951023e-05
-0.000111106823240785
-0.000342189758514897
-0.000805168538581248
-0.00158061784499201
-0.00269490169674588
-0.00407018903909051
-0.00545941146689714
-0.00655294267657864
-0.00711483556006294
-0.00713770735637652
-0.00681347517755186
-0.00632002279806170
-0.00579927955380654
-0.00528020302772508
-0.00477699916086923
-0.00430199962797262
-0.00387911321689293
-0.00352890496226553
-0.00324669575815584
-0.00297234750044447
-0.00262970391808296
-0.00218034225945081
-0.00165261704829427
-0.00111767352873051
-0.000647841901789534
-0.000291870644290885
-7.33247127042434e-05
0
-2.04280639260800e-22
-1.64405211462422e-06
-2.33689272498402e-05
-0.000115534087101089
-0.000355941999023315
-0.000838307040575265
-0.00164266942790823
-0.00280189743360964
-0.00421701326305692
-0.00563986928946582
-0.00673916805912490
-0.00726777245923930
-0.00726084670979098
-0.00691418950109600
-0.00641535944320382
-0.00588696720923489
-0.00536088897130289
-0.00485086083205801
-0.00436864093194266
-0.00393907171120541
-0.00358503977917485
-0.00330075021886999
-0.00302945670062702
-0.00268932445828916
-0.00223696800304365
-0.00169973034246684
-0.00115127123700662
-0.000667844914263801
-0.000300973997454398
-7.56177536259165e-05
0
2.59834578485982e-22
-1.71474407136558e-06
-2.43723509835535e-05
-0.000120500227335243
-0.000371258277699226
-0.000873478696112310
-0.00171256980682481
-0.00291707884293026
-0.00437954899743241
-0.00582993951399290
-0.00693692853617224
-0.00743951155646661
-0.00741142836933988
-0.00702505747892161
-0.00652144557156564
-0.00597951217302798
-0.00544759858197486
-0.00493067629174710
-0.00444200650614822
-0.00400432457923842
-0.00364458876071967
-0.00335893571963176
-0.00309070428005097
-0.00275352381283910
-0.00229838006669409
-0.00175098107469729
-0.00118793831256756
-0.000689749914727396
-0.000310937806502068
-7.81260888460699e-05
0
-1.89072986554940e-23
-1.79166902768074e-06
-2.54604864268763e-05
-0.000125898982805097
-0.000387769523355663
-0.000912556664067062
-0.00178795212458088
-0.00304145294281744
-0.00455660979767967
-0.00604726375089915
-0.00714627357050213
-0.00763421824379040
-0.00756800972123758
-0.00714854954620937
-0.00662690027928631
-0.00608188533396960
-0.00554067291147684
-0.00501622882569609
-0.00451915022703220
-0.00407391723953970
-0.00370666038917340
-0.00342042434136212
-0.00315638936930327
-0.00282280068861328
-0.00236500191605770
-0.00180691616897184
-0.00122810471585477
-0.000713658224940023
-0.000321843883484433
-8.08739437580836e-05
0
1.90098205737108e-22
-1.87452732000959e-06
-2.66523134623927e-05
-0.000131771508611002
-0.000406054974506920
-0.000954748948702718
-0.00187059810683571
-0.00317694705443142
-0.00474408890062607
-0.00627665064178794
-0.00735434713085357
-0.00781426562073867
-0.00771047469917214
-0.00728236205048928
-0.00674285262078898
-0.00618839446488978
-0.00564042784779330
-0.00510802926978703
-0.00460337080124253
-0.00414928114529851
-0.00377490725503972
-0.00348727391826801
-0.00322685784590578
-0.00289748095823020
-0.00243731382971095
-0.00186788226959266
-0.00127203477937897
-0.000739910614123063
-0.000333800609744217
-8.38851091453508e-05
0
-7.96844529563734e-23
-1.96500296385861e-06
-2.79300360097562e-05
-0.000138130075890967
-0.000425699025948661
-0.00100218492963817
-0.00196264305388569
-0.00332408806383514
-0.00494962329717476
-0.00650332061302620
-0.00760550909971102
-0.00801363316734857
-0.00786405531065645
-0.00741910490116781
-0.00686717528302560
-0.00630279861679059
-0.00574752815716480
-0.00520771135570704
-0.00469408652367736
-0.00423085157898811
-0.00384962668862475
-0.00355850882120850
-0.00330250433385658
-0.00297807871647722
-0.00251589346738378
-0.00193442257930894
-0.00132010914578057
-0.000768757528315019
-0.000346937180314023
-8.71943169704231e-05
0
-2.95582338340222e-23
-2.06607215746242e-06
-2.93755319757099e-05
-0.000145270970303760
-0.000447712883109165
-0.00105292745127607
-0.00206051490857436
-0.00348598727323534
-0.00517241436576077
-0.00676166139701783
-0.00784227740169505
-0.00822228023998305
-0.00803733091605973
-0.00756293364667381
-0.00699917979614399
-0.00642593991967315
-0.00586251727274588
-0.00531428198737625
-0.00479133385215616
-0.00431754756963577
-0.00392810314037294
-0.00363519305744947
-0.00338358367147591
-0.00306516093494813
-0.00260135956841742
-0.00200723269660332
-0.00137298353869600
-0.000800368435511788
-0.000361380894446005
-9.08349628631825e-05
0
-9.52628990912409e-23
-2.17603941758349e-06
-3.09437339183606e-05
-0.000153087696821417
-0.000471934675041794
-0.00110935843814780
-0.00216975947487609
-0.00366373583906207
-0.00541602236032630
-0.00703903554313330
-0.00810705123589534
-0.00844436439822568
-0.00821707084419329
-0.00771750438061831
-0.00714053037574715
-0.00655819789145255
-0.00598629653548771
-0.00542927087568963
-0.00489674495398573
-0.00441251120329317
-0.00401373511727017
-0.00371770762054185
-0.00347087292935209
-0.00315938318383549
-0.00269447458861935
-0.00208721464685781
-0.00143101467310600
-0.000835275215877886
-0.000377323511843759
-9.48500626459881e-05
0
-9.50372097663558e-23
-2.29840558195946e-06
-3.26801042560568e-05
-0.000161680257574578
-0.000498387092208983
-0.00117155004129462
-0.00228988191030466
-0.00385862918939458
-0.00568067313015524
-0.00733771434394802
-0.00838740217378972
-0.00867663668302136
-0.00840642732993388
-0.00788200812028378
-0.00729198981349451
-0.00670039939464115
-0.00611964266331548
-0.00555341269310733
-0.00501084577845172
-0.00451548869202795
-0.00410660163527193
-0.00380644990184231
-0.00356501309558356
-0.00326131796674063
-0.00279608046780369
-0.00217487932137249
-0.00149502235894730
-0.000873805979744587
-0.000394932853666606
-9.92886733878583e-05
0
5.88089759272492e-23
-2.42993511963216e-06
-3.45619872354687e-05
-0.000171067536937880
-0.000527636586994604
-0.00124023698883085
-0.00242192320919747
-0.00407226374611986
-0.00596948086777849
-0.00765901310520475
-0.00868507824313181
-0.00892134153066394
-0.00860639876986473
-0.00805749836066733
-0.00745473364735033
-0.00685364451064918
-0.00626361295196131
-0.00568774308543083
-0.00513468617637563
-0.00462756932139845
-0.00420763265942005
-0.00390268940498974
-0.00366653599228147
-0.00337188549030508
-0.00290717166750613
-0.00227135322629650
-0.00156575033943341
-0.000916470006590386
-0.000414446452082725
-0.000104208173842918
0
-6.23119895078365e-23
-2.57943094506603e-06
-3.66833766940868e-05
-0.000181545270103906
-0.000559808891745126
-0.00131609114642787
-0.00256797835374970
-0.00430759060052071
-0.00628416883049065
-0.00800430194750055
-0.00900020228388796
-0.00917844423556809
-0.00881792601056097
-0.00824529393214876
-0.00763007421943701
-0.00701922377407144
-0.00641947303879445
-0.00583347808567325
-0.00526944366807233
-0.00474996288053184
-0.00431783223733172
-0.00400715324531064
-0.00377640564155392
-0.00349223533198146
-0.00302892677360272
-0.00237780067398388
-0.00164412468820517
-0.000963849537018973
-0.000436134926849350
-0.000109677018956469
0
4.82490357299452e-23
-2.74164219832599e-06
-3.90020748785689e-05
-0.000193107562950132
-0.000595843698754352
-0.00140058313502357
-0.00272998364692357
-0.00456744821345577
-0.00662781985566123
-0.00837579149716822
-0.00933411883696997
-0.00944921976589711
-0.00904260468088209
-0.00844702901022025
-0.00781961378103448
-0.00719871995058887
-0.00658878405216173
-0.00599217453051492
-0.00541666313401830
-0.00488417594931670
-0.00443875546448945
-0.00412130177654373
-0.00389575674896330
-0.00362339572808297
-0.00316272757131878
-0.00249560488192580
-0.00173125106671100
-0.00101664043464993
-0.000460321621188282
-0.000115777147819554
0
1.68696142220570e-22
-2.92128410995068e-06
-4.15615569865662e-05
-0.000205841563353948
-0.000635301860017211
-0.00149382577186538
-0.00290972495594207
-0.00485390981680025
-0.00700343675991861
-0.00877561994058893
-0.00968727291617192
-0.00973474495941129
-0.00928192630037310
-0.00866468228769295
-0.00802536710213293
-0.00739411551948293
-0.00677350947699223
-0.00616577319481340
-0.00557827072272470
-0.00503198994443558
-0.00457224881190217
-0.00424640560482446
-0.00402602767941550
-0.00376693930816550
-0.00331026776053663
-0.00262643315010882
-0.00182846116511024
-0.00107568216389483
-0.000487397135667404
-0.000122607328723925
0
-4.08765451591521e-22
-3.11996141763736e-06
-4.43990410611016e-05
-0.000220079919212250
-0.000679512062122682
-0.00159833450151150
-0.00310984162496332
-0.00517136506992926
-0.00741436520189582
-0.00920564845516802
-0.0100613773223817
-0.0100363476816074
-0.00953847588778453
-0.00890085167006914
-0.00824986317341561
-0.00760791875083266
-0.00697614638700644
-0.00635673942144528
-0.00575668962026999
-0.00519593606036285
-0.00472063543766003
-0.00438479655809630
-0.00416912416607178
-0.00392452642137889
-0.00347357452159603
-0.00277228891758261
-0.00193735910653336
-0.00114198668674863
-0.000517832219323611
-0.000130286658128350
0
7.18022280320824e-23
-3.33949965167527e-06
-4.75682123147526e-05
-0.000235931458195937
-0.000728986135039978
-0.00171498865892520
-0.00333395920910321
-0.00552450834991288
-0.00786615659008043
-0.00966858164367153
-0.0104583794044718
-0.0103569977898319
-0.00981518457230521
-0.00915881881489577
-0.00849640137900573
-0.00784340426411874
-0.00719994999770825
-0.00656826468343204
-0.00595506303398706
-0.00537912680858877
-0.00488674841042442
-0.00453908936215275
-0.00432717150273519
-0.00409878350537384
-0.00365518005948458
-0.00293564973083695
-0.00205992208842935
-0.00121680187099915
-0.000552207820494748
-0.000138962281779788
0
-1.62393809632859e-22
-3.58495551633823e-06
-5.10823794550832e-05
-0.000253669472921346
-0.000784306779709728
-0.00184597600524390
-0.00358535382335741
-0.00591843213679255
-0.00836294945733301
-0.0101681346739195
-0.0108811033364667
-0.0106997226614363
-0.0101165205949710
-0.00944289317494504
-0.00876923095247107
-0.00810483563992443
-0.00744915179990583
-0.00680455397647735
-0.00617746177519805
-0.00558549774775545
-0.00507446958636360
-0.00471288052756344
-0.00450337162809240
-0.00429256490632648
-0.00385822808801107
-0.00311955601703984
-0.00219857610512061
-0.00130165925490718
-0.000591236747850634
-0.000148814681680240
0
-4.09524013315921e-23
-3.86273003167460e-06
-5.50659046303855e-05
-0.000273622085526983
-0.000847151988207501
-0.00199526025224054
-0.00387008947820484
-0.00636114546049886
-0.00891170801227078
-0.0107090831178402
-0.0113320842193290
-0.0110699393007258
-0.0104478182671787
-0.00975868061639006
-0.00907396692374768
-0.00839782565977409
-0.00772935662214552
-0.00707111482163603
-0.00642933148917954
-0.00582031195325522
-0.00528914219353199
-0.00491081028001127
-0.00470201390363605
-0.00450959367241080
-0.00408669113118217
-0.00332781259911994
-0.00235634685845220
-0.00139846685898047
-0.000635807214453578
-0.000160068755929231
0
-2.35649931474757e-24
-4.17547632495522e-06
-5.95535902686448e-05
-0.000296200833377223
-0.000918574106772818
-0.00216490512576874
-0.00419401219491686
-0.00686063430110979
-0.00951944010387074
-0.0112947941389364
-0.0118171111529350
-0.0114729667593326
-0.0108163785356417
-0.0101135681575073
-0.00941801689007373
-0.00872980335376144
-0.00804795374279746
-0.00737524542652882
-0.00671777051007833
-0.00609063000046827
-0.00553752453464814
-0.00513915870299686
-0.00492856670775228
-0.00475524310588801
-0.00434566721718822
-0.00356522940027719
-0.00253704058500685
-0.00150962348426401
-0.000687035818699191
-0.000173007011242677
0
2.81123024632406e-23
-4.52956801348611e-06
-6.46700842726385e-05
-0.000322134641593347
-0.00100027808545572
-0.00235929533806759
-0.00456665812773745
-0.00742870614110608
-0.0101973941437092
-0.0119348155998500
-0.0123424883677664
-0.0119185375704440
-0.0112318226401761
-0.0105172020916458
-0.00981106428139645
-0.00911052824666392
-0.00841469120365524
-0.00772657341679752
-0.00705220779756420
-0.00640552235726823
-0.00582828495007388
-0.00540630960720113
-0.00519031876110452
-0.00503609265294656
-0.00464170472488635
-0.00383790791344574
-0.00274546576502017
-0.00163815590150102
-0.000746331183058150
-0.000187985788046031
0
3.47706047703193e-23
-4.93582853657922e-06
-7.05644118956199e-05
-0.000352128406981580
-0.00109539298948742
-0.00258690574996269
-0.00499837519643826
-0.00807863371534017
-0.0109555454643073
-0.0126342503049539
-0.0129186185404790
-0.0124183151918450
-0.0117066355724174
-0.0109820846170773
-0.0102657747189477
-0.00955275110550164
-0.00884230444025937
-0.00813769595298132
-0.00744499696565336
-0.00677707432464159
-0.00617330672293145
-0.00572352320850232
-0.00549753299305375
-0.00536113485603047
-0.00498335869082756
-0.00415368001376641
-0.00298775721445574
-0.00178791936929277
-0.000815485516178372
-0.000205459113657490
0
8.12519278304194e-22
-5.42095274506956e-06
-7.75238531568143e-05
-0.000387417630079955
-0.00120853266670763
-0.00285549364315095
-0.00550482091204764
-0.00882814640211376
-0.0118102571843703
-0.0134070286330276
-0.0135576241202137
-0.0129872152333062
-0.0122565722109888
-0.0115242121999324
-0.0107983942106450
-0.0100729104964506
-0.00934728118017395
-0.00862499491848884
-0.00791223492200422
-0.00722094789888134
-0.00658790658159023
-0.00610567565860519
-0.00586339811281137
-0.00574238413696112
-0.00538182264520189
-0.00452266062833664
-0.00327178946090149
-0.00196385157552890
-0.000896794028108123
-0.000226008274433127
0
2.67658537183945e-22
-5.98193346427924e-06
-8.57949208882023e-05
-0.000429725399368339
-0.00134331877892864
-0.00317750504437936
-0.00610718171168501
-0.00970097768125699
-0.0127774891102546
-0.0142650974561857
-0.0142757548139231
-0.0136448036803198
-0.0129014498379610
-0.0121637150969663
-0.0114294787799034
-0.0106918889969442
-0.00995067267557938
-0.00920950612649270
-0.00847473287246578
-0.00775767107827678
-0.00709209122530738
-0.00657154837225188
-0.00630575499574165
-0.00619600395757920
-0.00585191210924129
-0.00495803228951264
-0.00360775266750128
-0.00217232545258712
-0.000993218301163987
-0.000250381300679801
0
6.01013182559053e-22
-6.68006492481103e-06
-9.59032707723125e-05
-0.000481472225461307
-0.00150840427757465
-0.00356815175118331
-0.00682889683827824
-0.0107249287844115
-0.0138778146435120
-0.0152261766642853
-0.0150941960456116
-0.0144145204582519
-0.0136651833397792
-0.0129249938380503
-0.0121841122408742
-0.0114353911489789
-0.0106786011007920
-0.00991758997832711
-0.00915882323971594
-0.00841321436004029
-0.00771157609577873
-0.00714654089781650
-0.00684850719636824
-0.00674335286650732
-0.00641317810175345
-0.00547695304855879
-0.00400881280760973
-0.00242155539549725
-0.00110856813961224
-0.000279544084176216
0
-1.47495543682725e-21
-7.55365559738373e-06
-0.000108482543961140
-0.000545754441533569
-0.00171284704100179
-0.00405117971719281
-0.00770546530187448
-0.0119326470634958
-0.0151337896251451
-0.0163083435030594
-0.0160382659919178
-0.0153233782913864
-0.0145753849273569
-0.0138366974454464
-0.0130921224761925
-0.0123342878075096
-0.0115628897336033
-0.0107817026759057
-0.00999741323089297
-0.00922065182898257
-0.00847919611738399
-0.00786406558874908
-0.00752250570023884
-0.00741331983773632
-0.00709171742225934
-0.00610204867052241
-0.00449219390509786
-0.00272224599541691
-0.00124780624286881
-0.000314750818286015
0
-9.67288672916533e-22
-8.65264194012139e-06
-0.000124476051448421
-0.000627478306729988
-0.00197105051417365
-0.00465221254351897
-0.00877439618180554
-0.0133581077470189
-0.0165651883975885
-0.0175341034708843
-0.0171342074106645
-0.0164007763491292
-0.0156624270671844
-0.0149306657642910
-0.0141871495364523
-0.0134241115716819
-0.0126407638452615
-0.0118407141941974
-0.0110306412254752
-0.0102209994555078
-0.00943693250113920
-0.00876513293544018
-0.00837061337487596
-0.00824468485634441
-0.00792259310252918
-0.00686333338337180
-0.00508051135196688
-0.00308838921166615
-0.00141740790242146
-0.000357638368077753
0
1.55213584285005e-22
-1.00794621787982e-05
-0.000145145244270047
-0.000732328519289276
-0.00230060835377023
-0.00540892148874333
-0.0100829987100107
-0.0150361972952732
-0.0181909550004954
-0.0189213874794605
-0.0184101251000156
-0.0176758061662535
-0.0169564157267995
-0.0162394173087280
-0.0155045027446273
-0.0147431263365404
-0.0139537833724409
-0.0131392650057657
-0.0123060183640111
-0.0114642220001752
-0.0106365438214844
-0.00990417034102775
-0.00944524653079028
-0.00928936689773642
-0.00895299189801725
-0.00780076788689819
-0.00580354569462674
-0.00353829559063478
-0.00162582617366708
-0.000410343386492526
0
-1.48158482870712e-22
-1.19345683272285e-05
-0.000172040315021954
-0.000868228346606073
-0.00272282519743734
-0.00636259930023703
-0.0116798859825427
-0.0169985027128933
-0.0200199169317648
-0.0204836545860181
-0.0198886924873264
-0.0191723052784470
-0.0184831059895663
-0.0177918817285110
-0.0170770998371211
-0.0163290530902841
-0.0155447000975742
-0.0147256418801774
-0.0138772964789836
-0.0130092096347470
-0.0121414730402401
-0.0113483701382134
-0.0108171553556740
-0.0106167447299930
-0.0102468611410504
-0.00896795034783650
-0.00670068788238512
-0.00409598038340291
-0.00188411391566374
-0.000475653633202041
0
3.50242277373548e-21
-1.44089521617768e-05
-0.000207560630844974
-0.00104649241458871
-0.00326733471011801
-0.00755964246320141
-0.0136224295480640
-0.0192590902794266
-0.0220427248199158
-0.0222308652366866
-0.0215825138255450
-0.0209027010001479
-0.0202569754098342
-0.0196065225480621
-0.0189288863925651
-0.0182126120706442
-0.0174524162673543
-0.0166476481636431
-0.0158017234031925
-0.0149225864274622
-0.0140272612632453
-0.0131818395205866
-0.0125783790145215
-0.0123198390138332
-0.0118910496951677
-0.0104370316929074
-0.00782406515413856
-0.00479286641378185
-0.00220665607800688
-0.000557204177973519
0
3.16868767148444e-21
-1.76515034418009e-05
-0.000254052629541892
-0.00127684914189394
-0.00396578429168664
-0.00905878017506683
-0.0159436067897506
-0.0218120521773140
-0.0242349559770429
-0.0241518259142520
-0.0234858954259185
-0.0228594093442844
-0.0222722574372035
-0.0216817170384844
-0.0210645533427432
-0.0204071560105638
-0.0197013721645655
-0.0189430664286689
-0.0181319328826629
-0.0172726459974466
-0.0163778369312473
-0.0155040337894035
-0.0148399994476519
-0.0145207161195588
-0.0140022426041244
-0.0123042098205936
-0.00924167588953896
-0.00566927461099841
-0.00261179099040881
-0.000659604889916434
0
2.79889305852479e-21
-2.19427416576241e-05
-0.000314910623589326
-0.00157719056700715
-0.00485663776955963
-0.0109189728965648
-0.0186681739797632
-0.0246078591002159
-0.0265471215696371
-0.0262177714052146
-0.0255667546857983
-0.0250062106864710
-0.0244924547892832
-0.0239833291917029
-0.0234556124158875
-0.0228938381887419
-0.0222864284431435
-0.0216245161576954
-0.0209020237932173
-0.0201175170343684
-0.0192770616817358
-0.0184243522401898
-0.0177384276815532
-0.0173729204752827
-0.0167331341691858
-0.0146943420228419
-0.0110391437685610
-0.00677469607641672
-0.00312175498461653
-0.000788447609457653
0
1.48444742963099e-22
-2.75032503861315e-05
-0.000393712247201364
-0.00196080752049927
-0.00598036448977653
-0.0131873170136675
-0.0217989949727458
-0.0275648128837228
-0.0289023799535868
-0.0283761183779143
-0.0277615352869422
-0.0272708017520572
-0.0268401848639242
-0.0264319427467900
-0.0260246740175668
-0.0256025432681727
-0.0251508256941969
-0.0246552622671061
-0.0241023023797509
-0.0234806934037478
-0.0227859036302146
-0.0220446125167379
-0.0214178832612274
-0.0210571448316854
-0.0202714805599371
-0.0177592980758577
-0.0133156622634694
-0.00816396052574816
-0.00376066382569607
-0.000949737305801582
0
3.53697655436652e-21
-3.46331073485756e-05
-0.000495075529839561
-0.00245221944420327
-0.00739468688276298
-0.0159144605313999
-0.0252848084018293
-0.0305627142213332
-0.0312280464574772
-0.0305526219116613
-0.0299743745982252
-0.0295420180328802
-0.0291914683910696
-0.0288932659013063
-0.0286314154006637
-0.0283925272565062
-0.0281612655349620
-0.0279188735617368
-0.0276430217808071
-0.0273104699493490
-0.0269008630819766
-0.0264176715779802
-0.0259934319860560
-0.0257513026490280
-0.0248183258044863
-0.0216571518136166
-0.0161638963173725
-0.00988270218699114
-0.00454732528196645
-0.00114810008553179
0
-2.58709718678551e-21
-4.39977405953791e-05
-0.000626298084740682
-0.00307865797120264
-0.00915158382457489
-0.0191525009627540
-0.0290479706511808
-0.0334641527947125
-0.0334397815514426
-0.0326555644735507
-0.0320836033873186
-0.0316746228202458
-0.0313779306078250
-0.0311771863068981
-0.0310666568644207
-0.0310406793983748
-0.0310877206195378
-0.0311881909741678
-0.0313128965759471
-0.0314260308895480
-0.0314881907835300
-0.0314749094280805
-0.0314774535329030
-0.0315570117874022
-0.0305181756192118
-0.0264859715251229
-0.0196137793500294
-0.0119298397070864
-0.00547736482323070
-0.00138218718321653
0
-5.27333147788607e-21
-5.59780985399069e-05
-0.000794663886374702
-0.00388028629232320
-0.0113468672986083
-0.0229267951542648
-0.0329520360769298
-0.0361392359711455
-0.0354832786531706
-0.0345857132546338
-0.0339538577012751
-0.0335013238015811
-0.0331994677714615
-0.0330504524781793
-0.0330645901869889
-0.0332494872350236
-0.0336041196624427
-0.0341136612290225
-0.0347487562793453
-0.0354650819809416
-0.0362064944656483
-0.0369188558051539
-0.0376466495681345
-0.0383521353098773
-0.0373115701047316
-0.0321412036955995
-0.0235169364658861
-0.0141839805130720
-0.00648881086013253
-0.00163598827738020
0
3.79154410493312e-20
-7.18255554056520e-05
-0.00101483738328780
-0.00491603016278512
-0.0140992664407128
-0.0273239897067882
-0.0368399020339734
-0.0385153767796251
-0.0373159002301011
-0.0362471634563429
-0.0354506111257537
-0.0348515351047078
-0.0344487333294661
-0.0342673574729721
-0.0343383165602041
-0.0346872057962904
-0.0353277598047606
-0.0362570424790849
-0.0374540366918795
-0.0388760101900036
-0.0404599670947411
-0.0421312615955598
-0.0438918034300542
-0.0455900198857539
-0.0446942258579271
-0.0380781916510490
-0.0273646239245631
-0.0162938312267493
-0.00741231778766573
-0.00186627419455286
0
-3.07898643614582e-20
-9.28305676643246e-05
-0.00130823434937164
-0.00628738554887948
-0.0175966040502401
-0.0323576195745308
-0.0405911350389571
-0.0406010886073532
-0.0389111691686855
-0.0375498974791403
-0.0364468613843274
-0.0355651091313129
-0.0349349269994249
-0.0346070216068903
-0.0346324354008851
-0.0350537603730277
-0.0358999440520566
-0.0371827981685461
-0.0388949980753243
-0.0410068206830890
-0.0434633955505598
-0.0461876121564214
-0.0491632892428636
-0.0521609570537368
-0.0515247114112879
-0.0431138679207493
-0.0301505246435787
-0.0176065946648902
-0.00794130336187441
-0.00199525900628428
0
1.97402047682796e-20
-0.000121950821707851
-0.00171339203732895
-0.00815334686726225
-0.0221348162891951
-0.0380056980754548
-0.0440304770627865
-0.0424282282341605
-0.0402296811951327
-0.0383985024227585
-0.0368166420656568
-0.0354977065823275
-0.0345047435094277
-0.0339097167857914
-0.0337770913407993
-0.0341577664171665
-0.0350873187063902
-0.0365861582565368
-0.0386606434585968
-0.0412969576441484
-0.0444617097343071
-0.0480908312531235
-0.0521795477121422
-0.0565443035048832
-0.0561404313796590
-0.0455458413473415
-0.0305074940942762
-0.0172778049597839
-0.00768805541735091
-0.00192518222177102
0
-5.13444168651730e-20
-0.000164485481033358
-0.00229894967161073
-0.0107818115384325
-0.0280655736368173
-0.0441918719765662
-0.0470632560741221
-0.0440454650341575
-0.0411838560654621
-0.0386617359358709
-0.0364167324934435
-0.0345164952965326
-0.0330526454762674
-0.0321039773905128
-0.0317302719623309
-0.0319724132157216
-0.0328581836113393
-0.0344052527289476
-0.0366222605402539
-0.0395087079216796
-0.0430411015789917
-0.0471795861588947
-0.0519343549630701
-0.0573963108254808
-0.0570498092814953
-0.0438599546817171
-0.0272980183492640
-0.0146513395173487
-0.00636171345918785
-0.00158338012881719
0
2.46926728781273e-20
-0.000228296755227810
-0.00318071139237821
-0.0146460575286046
-0.0358786910455664
-0.0505417041293614
-0.0496794688547866
-0.0453882202193662
-0.0415843742291919
-0.0381299653363050
-0.0350635965555627
-0.0325014027203155
-0.0305357309068009
-0.0292233827964488
-0.0285911989141215
-0.0286488112732219
-0.0293997317416653
-0.0308459985923012
-0.0329907896413953
-0.0358274424589618
-0.0393395357747910
-0.0434843418626152
-0.0482698826951481
-0.0542963494308111
-0.0538933484863466
-0.0376558689879856
-0.0202912527179079
-0.00964977129809638
-0.00394148133901557
-0.000965515988573303
0
3.95409986686641e-19
-0.000331128735352967
-0.00458255297725129
-0.0205178441887004
-0.0460232320375943
-0.0566358276025252
-0.0518532256517603
-0.0461728384510159
-0.0410695805307319
-0.0364819663432823
-0.0325475753414887
-0.0293728736822711
-0.0270022075514948
-0.0254206560263970
-0.0245939537911700
-0.0244843289904719
-0.0250622645673399
-0.0263123702077514
-0.0282244274262867
-0.0307870097082467
-0.0339705711017316
-0.0377195478051981
-0.0419945205734700
-0.0480478936743539
-0.0478224212544124
-0.0278494766351200
-0.0102025353818993
-0.00275479606311678
-0.000658790178574373
-0.000130430675971617
0
-3.24527519798099e-19
-0.000508558929660210
-0.00695636704407314
-0.0297760773316147
-0.0584843664644825
-0.0615576547372130
-0.0533196410343891
-0.0457690820736058
-0.0390678229745347
-0.0333429916439584
-0.0287156856170718
-0.0251789188729029
-0.0226376713654157
-0.0209736123337829
-0.0200763928098050
-0.0198616389906591
-0.0202763118821718
-0.0212890340236096
-0.0228835806417056
-0.0250462006616747
-0.0277468313682761
-0.0309162463775761
-0.0344492744072277
-0.0401558121539712
-0.0409081365187937
-0.0158575610455042
0.00189946462499620
0.00531295324080684
0.00314054277858281
0.000833356820515544
0
-4.54939766922573e-19
-0.000838313624464711
-0.0112816133399448
-0.0445498229281823
-0.0718274210450537
-0.0647115282946365
-0.0530927342574481
-0.0431759339711872
-0.0349520274374611
-0.0284954174376890
-0.0236660459922723
-0.0201915036901964
-0.0177998521725556
-0.0162676435551064
-0.0154335782963817
-0.0151906827892291
-0.0154730053612437
-0.0162453306131054
-0.0174917489817790
-0.0192081821575290
-0.0213855109292249
-0.0239786468331747
-0.0268765332883715
-0.0320239751689282
-0.0350873463469021
-0.00244164924713368
0.0150027212758740
0.0136189858710888
0.00696272843279893
0.00179738936426715
0
-2.61313107795984e-19
-0.00152920675573816
-0.0199357919522063
-0.0680048495282920
-0.0823413547633705
-0.0646396797894140
-0.0492523293540546
-0.0372617721534799
-0.0284269672974807
-0.0221713818058128
-0.0178423296579300
-0.0148933279262602
-0.0129335119091265
-0.0117041731149953
-0.0110349002593525
-0.0108224409630784
-0.0110060559234940
-0.0115549779826484
-0.0124598131417251
-0.0137268186688129
-0.0153767682165323
-0.0174406902599165
-0.0199287889259784
-0.0244354228169530
-0.0315269305197439
0.0132059097613948
0.0279024488098288
0.0206045777423027
0.00994383992626643
0.00253523165731072
0
3.32630086695060e-18
-0.00322412903612916
-0.0388807245133505
-0.0991436540101096
-0.0843962146956682
-0.0581735316837682
-0.0400228061896595
-0.0280144461236678
-0.0202690746859223
-0.0152749710689251
-0.0120190590041852
-0.00988760074855353
-0.00850489442404608
-0.00764888103535552
-0.00718445271589840
-0.00703071283723151
-0.00714296987240644
-0.00749990886311730
-0.00809584413590497
-0.00894185479138010
-0.0100754097008470
-0.0115900609393698
-0.0137088807088040
-0.0176326906619462
-0.0306128000800784
0.0325570359570232
0.0374876509675611
0.0235793753809374
0.0107858960588389
0.00271757337079977
0
9.44947121834005e-17
-0.00861023817912712
-0.0853920923607274
-0.118394107000897
-0.0708634144565310
-0.0419952091288882
-0.0261457214148706
-0.0172623229942877
-0.0120751332706178
-0.00892266054828788
-0.00693661584079767
-0.00566396897436123
-0.00484861631066035
-0.00434740448862506
-0.00407571636704563
-0.00398444268096104
-0.00404628601392786
-0.00424840247082164
-0.00458856846386902
-0.00507543947266205
-0.00574024566233313
-0.00667431887364655
-0.00817538254526665
-0.0114277242765101
-0.0319573137415195
0.0514704911183708
0.0359910244747590
0.0192344913652628
0.00835680038126673
0.00208063322697293
0
-3.77825506387780e-16
-0.0300046612040214
-0.164033415151444
-0.0889861842959966
-0.0404439095219418
-0.0211927909257685
-0.0124317808216482
-0.00797516373534918
-0.00549774970846485
-0.00402731640317098
-0.00311514716071229
-0.00253615251711116
-0.00216706811149506
-0.00194073119747604
-0.00181808721735656
-0.00177663058264916
-0.00180393359001318
-0.00189400136864747
-0.00204612562700761
-0.00226473461271752
-0.00256575217141780
-0.00299867320620919
-0.00374601479565431
-0.00559043159903109
-0.0300507905727653
0.0473635764508054
0.0210663562051695
0.0100492325338793
0.00423306823427492
0.00104740730937724
0
6.57457412913985e-16
-0.0457545159571176
-0.0802274171318360
-0.0255403580684189
-0.0106960751042366
-0.00542692466322975
-0.00314714117228786
-0.00200757585105019
-0.00138058832384768
-0.00100988594257591
-0.000780631029115028
-0.000635035373226135
-0.000542496691252499
-0.000485720116198796
-0.000454972839720452
-0.000444563756206033
-0.000451379354811405
-0.000473921759430088
-0.000512001766765045
-0.000566737048335427
-0.000642268391949988
-0.000751412215242027
-0.000942070489061613
-0.00141072282430500
-0.00591708987975535
0.0144863034470269
0.00551462446826239
0.00256513003137391
0.00107472379061052
0.000265415446475253
0
0
0
0
0
0
0
0
0
0
0
0
0
0
0
0
0
0
0
0
0
0
0
0
0
0
-1.78729148696348e-21
0
0
0
0
0