 -1572.568187  2.25419e-14
 -1572.568187  3.60523e-14
 -1572.446054  1.81225e-14
 -1572.446054  3.00688e-14
 -1524.272647  3.15637e-14
 -1524.272647  3.16837e-14
 -1521.579629   3.2249e-14
 -1521.579629  1.90871e-14
 -1505.947182  3.49785e-14
 -1505.947182  2.49364e-14
 -1494.720129  2.13001e-14
 -1494.720129  3.00588e-14
 -1462.587520  3.41031e-14
 -1462.587520  2.40745e-14
 -1444.262056  2.53073e-14
 -1444.262056  3.34623e-14
 -1443.853704  3.21023e-14
 -1443.853704  3.68415e-14
 -1419.659616  2.68457e-14
 -1417.726549  2.93285e-14
 -1417.726549  2.90147e-14
 -1405.837251  3.05493e-14
 -1405.837251  2.68246e-14
 -1387.511787  3.67361e-14
 -1387.511787  3.13109e-14
 -1366.860124  2.48964e-14
 -1366.860124  3.61528e-14
 -1354.021831  3.35502e-14
 -1354.021831  2.72382e-14
 -1346.228176   2.9189e-14
 -1346.228176  2.71022e-14
 -1341.933691  3.56605e-14
 -1341.933691  2.39654e-14
 -1335.696366  3.76631e-14
 -1335.696366  2.80438e-14
 -1307.141210  3.97453e-14
 -1307.141210  3.14469e-14
 -1295.361751  2.47579e-14
 -1295.361751  3.89664e-14
 -1288.815746  2.87668e-14
 -1288.815746  3.56952e-14
 -1279.607172  3.50225e-14
 -1279.607172  2.52904e-14
 -1265.195391  3.01753e-14
 -1265.195391  3.16177e-14
 -1264.940111  2.66411e-14
 -1264.940111  3.66943e-14
 -1264.207767  3.27764e-14
 -1246.869927  2.90675e-14
 -1246.869927  3.16605e-14
 -1228.740747  2.84337e-14
 -1228.740747  3.79813e-14
 -1228.184375  3.13057e-14
 -1228.184375  3.02675e-14
 -1217.922045  2.78953e-14
 -1217.922045   3.3695e-14
 -1209.858910  3.41393e-14
 -1209.858910  3.19801e-14
 -1196.108160  3.11922e-14
 -1196.108160  3.47723e-14
   -1193.441738        3.49174e-14
 -1193.441738  2.92262e-14
 -1187.214186  3.86253e-14
 -1187.214186   2.7556e-14
 -1177.782696  3.59064e-14
 -1177.782696  3.38475e-14
 -1168.966748    3.381e-14
 -1168.966748  2.92691e-14
 -1167.055620  3.89555e-14
 -1167.055620  3.10982e-14
 -1161.171776   3.1105e-14
 -1161.171776  3.71742e-14
 -1150.641284  3.14246e-14
 -1150.641284   3.1446e-14
 -1146.760138  3.42181e-14
 -1146.760138  3.06135e-14
 -1129.488331     3.13e-14
 -1129.488331  2.71901e-14
 -1128.434674  3.31258e-14
 -1128.434674  3.53255e-14
 -1126.820734  4.07973e-14
 -1126.820734    3.293e-14
 -1117.151325  3.05215e-14
 -1117.151325  3.14394e-14
 -1115.715814  2.78669e-14
 -1115.715814  4.23801e-14
 -1111.162866  3.34651e-14
 -1111.162866   3.3075e-14
 -1110.305351  3.64829e-14
 -1110.305351  4.32155e-14
 -1110.220606  3.84605e-14
 -1109.749122  2.84216e-14
 -1109.749122  2.93312e-14
 -1109.356356  3.27679e-14
 -1109.356356  3.83395e-14
 -1098.825861  3.35339e-14
 -1098.825861  3.00136e-14
 -1091.423658   2.7912e-14
 -1091.423658  2.83345e-14
 -1065.135607  4.42241e-14
 -1065.135607  3.16626e-14
 -1062.475735  3.85425e-14
 -1062.475735   3.2589e-14
 -1058.489931  4.50901e-14
 -1058.489931   3.5284e-14
 -1049.094809  4.28395e-14
 -1049.094809  4.29201e-14
 -1038.722233  2.96828e-14
 -1038.722233  4.29254e-14
 -1020.529916  3.68298e-14
 -1020.529916  3.41765e-14
 -1011.609310  4.22507e-14
 -1011.609310  3.53917e-14
 -1008.385338   3.2705e-14
 -1008.385338  4.28922e-14
 -987.409683  4.57553e-14
 -987.409683  3.14472e-14
 -983.518900  3.51987e-14
 -983.518900  3.26816e-14
 -972.101229   3.2048e-14
 -972.101229  4.41226e-14
 -969.663491  4.38561e-14
 -969.663491  3.52536e-14
 -967.223861  3.95064e-14
 -956.569918  3.61351e-14
 -956.569918  4.45536e-14
 -951.442686  4.02948e-14
 -951.442686  3.68282e-14
 -932.652475  4.21828e-14
 -932.652475  4.09296e-14
 -930.659414  3.85717e-14
 -930.659414   4.5561e-14
 -924.301273  4.08204e-14
 -924.301273  3.60808e-14
 -910.416102  3.60321e-14
 -910.416102  4.64801e-14
 -909.689297  4.62254e-14
 -909.689297  3.83378e-14
 -902.094664   3.9081e-14
 -902.094664  3.69402e-14
 -900.602856   3.5812e-14
 -900.602856  4.81689e-14
 -900.576260  3.71249e-14
 -900.576260  4.43323e-14
 -884.822856  3.56176e-14
 -884.822856  3.50974e-14
 -878.843993  4.99666e-14
 -878.843993   3.8455e-14
 -873.434848  4.11025e-14
 -873.434848   4.1553e-14
 -872.485850  3.88385e-14
 -872.485850  3.35981e-14
 -867.743478  3.98667e-14
 -867.743478  4.20046e-14
 -865.083647  3.31142e-14
 -865.083647  3.90868e-14
    -853.665833        4.50642e-14
 -853.665833   4.0698e-14
 -851.228238  4.01453e-14
 -851.228238  3.93241e-14
 -838.917730  3.73146e-14
 -838.917730  5.01455e-14
 -833.981852  4.39968e-14
 -833.956431   3.9869e-14
 -833.956431  4.54757e-14
 -831.963373  4.63698e-14
 -831.963373  4.41514e-14
 -830.732462  4.42545e-14
 -830.732462  4.72942e-14
 -821.619425  4.17134e-14
 -821.619425  3.54691e-14
 -814.217222  3.39476e-14
 -814.217222  3.70225e-14
 -801.850413  4.20036e-14
 -801.850413  5.33045e-14
 -798.656247  4.76549e-14
 -798.656247   4.3665e-14
 -790.017554   4.9516e-14
 -790.017554  4.12825e-14
 -782.167461  4.98455e-14
 -782.167461  4.59659e-14
 -772.296725  5.96282e-14
 -772.296725  5.93698e-14
 -771.514835  4.76528e-14
 -771.514835  4.40421e-14
 -754.969792  4.22904e-14
 -754.969792  5.30369e-14
 -753.006537  5.18616e-14
 -753.006537  4.55418e-14
 -749.308225  4.60094e-14
 -749.308225  4.34267e-14
 -732.036418  4.25634e-14
 -732.036418  4.28332e-14
 -730.352040  5.53886e-14
 -730.352040  4.37729e-14
 -720.930323  5.34262e-14
 -720.930323  4.42953e-14
 -719.699412  4.65714e-14
 -719.699412   3.8551e-14
 -715.546456  5.80476e-14
 -715.546456  4.60471e-14
 -713.023973   4.8389e-14
 -713.023973  5.26992e-14
 -712.297209  4.55731e-14
 -712.297209  3.60731e-14
 -710.611599  5.05388e-14
 -693.788911  4.87448e-14
 -693.788911    4.619e-14
 -683.471420  5.86991e-14
 -683.471420  4.26179e-14
 -676.012957  5.27703e-14
 -676.012957  4.57321e-14
 -671.582301  4.67197e-14
 -671.582301   4.6838e-14
 -663.731036  5.11845e-14
 -663.731036  5.90143e-14
 -654.310493  4.87697e-14
 -654.310493  5.65497e-14
 -653.861330  5.15146e-14
 -653.861330   6.7602e-14
 -643.936743  5.97436e-14
 -643.936743  5.17993e-14
 -641.973488  4.35045e-14
 -641.973488  4.92465e-14
 -641.525601  5.97905e-14
 -641.525601  4.95177e-14
 -634.571285  4.79343e-14
 -634.571285   4.0479e-14
 -616.850415   5.3087e-14
 -616.850415  6.98632e-14
 -616.795330  5.75879e-14
 -616.795330  5.48112e-14
 -604.514584  5.39836e-14
 -604.514584  6.08952e-14
 -602.045909  4.73567e-14
 -602.045909  6.72587e-14
 -597.111060  6.28699e-14
 -594.588721   4.9488e-14
 -594.588721  5.52928e-14
 -577.316913  4.96314e-14
 -577.316913  4.95411e-14
 -574.904596   6.9474e-14
 -574.904596  5.53894e-14
 -572.438370  6.05663e-14
 -572.438370  6.01369e-14
 -564.979907  5.29567e-14
 -564.979907  4.75861e-14
 -557.577704  5.58087e-14
 -557.577704  4.44794e-14
 -555.165289  7.47305e-14
 -555.165289  5.08089e-14
 -545.296958  6.63539e-14
 -545.296958  6.33904e-14
 -545.295640  6.54165e-14
 -545.295640   7.6169e-14
 -537.893580  7.70685e-14
 -537.893580   5.2173e-14
 -523.090348  6.03966e-14
 -523.090348  5.53957e-14
 -513.219470  6.59142e-14
 -513.219470  8.61469e-14
 -505.818540  6.56566e-14
 -505.818540  6.02865e-14
 -505.817366  6.09819e-14
 -505.817366  7.77356e-14
 -498.415019  5.54228e-14
 -498.415019  9.23675e-14
 -493.481535  6.27391e-14
 -493.481535  5.71873e-14
 -493.480219  7.15081e-14
 -486.079332  5.75661e-14
 -486.079332  5.71072e-14
 -478.675954  6.62192e-14
 -478.675954  8.03337e-14
 -476.208453  6.04074e-14
 -476.208453  9.27869e-14
 -456.469344  6.67679e-14
 -456.469344  7.33773e-14
 -456.469201  8.98277e-14
 -456.469201  7.47717e-14
 -446.599599  6.91676e-14
 -446.599599  9.71489e-14
 -444.132239   6.6781e-14
 -444.132239  8.77802e-14
 -439.197536  6.34945e-14
 -439.197536   7.0521e-14
 -426.860530    6.443e-14
 -426.860530  7.00059e-14
 -419.458327  7.03988e-14
 -419.458327   6.8648e-14
 -419.458184  7.13589e-14
 -419.458184  1.02714e-13
 -416.990827  6.57409e-14
 -416.990827  8.46353e-14
 -404.653780  8.89193e-14
 -404.653780  1.08791e-13
 -399.718978  9.33758e-14
 -394.784217  8.77781e-14
 -394.784217  6.66897e-14
 -387.381970  9.82024e-14
 -387.381970  8.11488e-14
 -377.512409   8.6595e-14
 -377.512409  6.98475e-14
 -367.642764  8.43043e-14
 -367.642764   8.2521e-14
 -365.175404  8.95605e-14
 -365.175404  7.94639e-14
 -360.240558  7.90411e-14
 -360.240558  1.12042e-13
 -357.773201  6.98441e-14
 -357.773201  8.10297e-14
 -357.773160  8.23928e-14
 -357.773160  1.03562e-13
 -338.033948  9.95956e-14
 -338.033948  1.09158e-13
 -335.566549  1.13834e-13
 -335.566549  1.23043e-13
 -320.762143  1.06096e-13
 -320.762143  1.30684e-13
 -320.762140  1.04949e-13
 -320.762140  9.26332e-14
 -315.827341  1.19915e-13
 -308.425137  9.46227e-14
 -308.425137   1.2547e-13
 -308.425135  1.07394e-13
 -308.425135  9.76182e-14
 -301.022931  8.37684e-14
 -301.022931  8.34416e-14
 -288.685929  1.52641e-13
 -288.685929  1.11417e-13
 -286.218527  1.19384e-13
 -286.218527  1.07232e-13
 -278.816324  1.65564e-13
 -278.816324  1.07453e-13
 -268.946720  1.22278e-13
 -268.946720  1.08326e-13
 -261.544517  1.53546e-13
 -261.544517  1.57639e-13
 -256.609714  1.20547e-13
 -256.609714  1.17094e-13
 -249.207511  1.01438e-13
 -249.207511  1.03502e-13
 -246.740110  1.00137e-13
 -246.740110  1.95646e-13
 -241.805308    1.531e-13
 -239.337907  1.63143e-13
 -239.337907  1.18261e-13
 -222.066099  1.43482e-13
 -222.066099  1.41358e-13
 -219.598698  1.54495e-13
 -219.598698  1.90109e-13
 -209.729094  1.32238e-13
 -209.729094  1.54725e-13
 -209.729094  2.00434e-13
 -209.729094  1.54029e-13
 -202.326890  1.39939e-13
 -202.326890  1.44164e-13
 -197.392088  2.28847e-13
 -197.392088  1.55735e-13
 -182.587681  2.03699e-13
 -182.587681   2.0595e-13
 -180.120280  1.65954e-13
 -180.120280  1.84045e-13
 -177.652879  2.17939e-13
 -167.783275  1.51783e-13
 -167.783275  1.57688e-13
 -160.381072   1.7078e-13
 -160.381072  1.62235e-13
 -160.381072   2.2889e-13
 -160.381072  2.24785e-13
 -150.511467  1.87179e-13
 -150.511467   2.9223e-13
 -143.109264  1.82134e-13
 -143.109264  2.72738e-13
 -130.772258  1.88573e-13
 -130.772258  2.32949e-13
 -128.304857  1.98211e-13
 -128.304857  3.36024e-13
 -123.370055  2.86704e-13
 -123.370055  1.89261e-13
 -123.370055  2.45814e-13
 -111.033050   2.8682e-13
 -111.033050  4.00575e-13
 -101.163445  3.69743e-13
 -101.163445     3.11e-13
 -98.696044  2.50018e-13
 -98.696044  3.31813e-13
 -91.293841  2.80542e-13
 -91.293841  3.05502e-13
 -83.891637  2.78353e-13
     -83.891637        5.02457e-13
 -78.956835  5.02453e-13
 -71.554632  3.49446e-13
 -71.554632  5.50776e-13
 -64.152429  3.39001e-13
 -64.152429  4.49565e-13
 -61.685028  3.74025e-13
 -61.685028  7.73719e-13
 -49.348022  5.65793e-13
 -49.348022  9.15452e-13
 -44.413220  8.78376e-13
 -41.945819   5.8028e-13
 -41.945819  9.21554e-13
 -32.076214  1.14284e-12
 -32.076214  1.51288e-12
 -24.674011  7.52229e-13
 -24.674011  1.96869e-12
 -19.739209  2.39703e-12
 -12.337006  2.27338e-12
 -12.337006  2.27314e-12
 -4.934802  1.03284e-11
  1.000000  1.61515e-10
