-0.137079106748
-0.159620393965
-0.225252300404
-0.32846902471
-0.46146049734
-0.615581674142
-0.782593747327
-0.955405957935
-1.12831444906
-1.29690317486
-1.45780148014
-1.60843422547
-1.74682382635
-1.87145091407
-1.98115832216
-2.07508095523
-2.15258960457
-2.21324283086
-2.25674522079
-2.28291257125
-2.29164544196
-2.28291257125
-2.25674522079
-2.21324283086
-2.15258960457
-2.07508095523
-1.98115832216
-1.87145091407
-1.74682382635
-1.60843422547
-1.45780148014
-1.29690317486
-1.12831444906
-0.955405957935
-0.782593747327
-0.615581674142
-0.46146049734
-0.32846902471
-0.225252300404
-0.159620393965
-0.137079106748
-0.126779461639
-0.149316920134
-0.2149380669
-0.318139025795
-0.451112218947
-0.605214953651
-0.77221013793
-0.945007930466
-1.11790470741
-1.28648421508
-1.44737539007
-1.59800265258
-1.73638803265
-1.86101185909
-1.97071674252
-2.06463742908
-2.14214459969
-2.20279673949
-2.24629838465
-2.27246530003
-2.28119802759
-2.27246530003
-2.24629838465
-2.20279673949
-2.14214459969
-2.06463742908
-1.97071674252
-1.86101185909
-1.73638803265
-1.59800265258
-1.44737539007
-1.28648421508
-1.11790470741
-0.945007930466
-0.77221013793
-0.605214953651
-0.451112218947
-0.318139025795
-0.2149380669
-0.149316920134
-0.126779461639
-0.0978693154848
-0.120349619234
-0.185810143703
-0.28877574479
-0.421476032513
-0.575303412351
-0.742046407275
-0.9146288803
-1.0873506945
-1.25579250102
-1.41657714817
-1.56712248571
-1.70544479064
-1.83001987647
-1.93968702552
-2.0335786171
-2.11106368406
-2.17169958279
-2.21519009482
-2.24135050616
-2.25008109395
-2.24135050616
-2.21519009482
-2.17169958279
-2.11106368406
-2.0335786171
-1.93968702552
-1.83001987647
-1.70544479064
-1.56712248571
-1.41657714817
-1.25579250102
-1.0873506945
-0.9146288803
-0.742046407275
-0.575303412351
-0.421476032513
-0.28877574479
-0.185810143703
-0.120349619234
-0.0978693154848
-0.0562041384187
-0.0784401682608
-0.143214144021
-0.245173563198
-0.376706811666
-0.529356217656
-0.695019810655
-0.866680150045
-1.03865216982
-1.20650345134
-1.36683093978
-1.51702447155
-1.65507576247
-1.77944132743
-1.88894620875
-1.98271264992
-2.06010262027
-2.12066863512
-2.16411123765
-2.19024365839
-2.19896503723
-2.19024365839
-2.16411123765
-2.12066863512
-2.06010262027
-1.98271264992
-1.88894620875
-1.77944132743
-1.65507576247
-1.51702447155
-1.36683093978
-1.20650345134
-1.03865216982
-0.866680150045
-0.695019810655
-0.529356217656
-0.376706811666
-0.245173563198
-0.143214144021
-0.0784401682608
-0.0562041384187
-0.0109832501139
-0.0325823105934
-0.095565533615
-0.194898988049
-0.323383813182
-0.472952618353
-0.635789221967
-0.805030224121
-0.975031178783
-1.14132683489
-1.30044751757
-1.44971055337
-1.58704382442
-1.71085351828
-1.81992742727
-1.9133612065
-1.99049825077
-2.05087831921
-2.09419340842
-2.12025131787
-2.12894818034
-2.12025131787
-2.09419340842
-2.05087831921
-1.99049825077
-1.9133612065
-1.81992742727
-1.71085351828
-1.58704382442
-1.44971055337
-1.30044751757
-1.14132683489
-0.975031178783
-0.805030224121
-0.635789221967
-0.472952618353
-0.323383813182
-0.194898988049
-0.095565533615
-0.0325823105934
-0.0109832501139
0.0266773736769
0.00633865439199
-0.0530989718398
-0.147226283686
-0.269655286228
-0.41308779021
-0.570274168294
-0.734660305149
-0.900688173833
-1.06383328478
-1.22049839983
-1.3678598581
-1.50372022903
-1.6263861175
-1.73457108337
-1.82731745562
-1.90393116763
-1.96392613297
-2.00697696983
-2.03288040556
-2.04152643229
-2.03288040556
-2.00697696983
-1.96392613297
-1.90393116763
-1.82731745562
-1.73457108337
-1.6263861175
-1.50372022903
-1.3678598581
-1.22049839983
-1.06383328478
-0.900688173833
-0.734660305149
-0.570274168294
-0.41308779021
-0.269655286228
-0.147226283686
-0.0530989718398
0.00633865439199
0.0266773736769
0.0465709350499
0.0282782303732
-0.0253959583389
-0.111038124129
-0.223557501605
-0.356894600524
-0.504722923433
-0.661005028314
-0.820342917764
-0.978134705226
-1.13059009051
-1.27466479734
-1.4079613415
-1.52862476809
-1.63524648163
-1.72677994715
-1.80246799339
-1.86178061023
-1.90436267945
-1.92999188958
-1.93854764022
-1.92999188958
-1.90436267945
-1.86178061023
-1.80246799339
-1.72677994715
-1.63524648163
-1.52862476809
-1.4079613415
-1.27466479734
-1.13059009051
-0.978134705226
-0.820342917764
-0.661005028314
-0.504722923433
-0.356894600524
-0.223557501605
-0.111038124129
-0.0253959583389
0.0282782303732
0.0465709350499
0.043500666094
0.0280009395696
-0.0177860784239
-0.0917583937245
-0.190546381941
-0.309755120844
-0.444326468995
-0.588965558453
-0.738543754709
-0.888402287766
-1.03452408243
-1.17358570076
-1.30292591241
-1.42046998016
-1.52463865241
-1.6142583785
-1.68848004824
-1.74670866806
-1.78854460807
-1.81373681895
-1.82214862613
-1.81373681895
-1.78854460807
-1.74670866806
-1.68848004824
-1.6142583785
-1.52463865241
-1.42046998016
-1.30292591241
-1.17358570076
-1.03452408243
-0.888402287766
-0.738543754709
-0.588965558453
-0.444326468995
-0.309755120844
-0.190546381941
-0.0917583937245
-0.0177860784239
0.0280009395696
0.043500666094
0.0211493864368
0.00883796034057
-0.0279030337508
-0.0883650911337
-0.171034763052
-0.273358489193
-0.391741766282
-0.521816599054
-0.658871695478
-0.798289856293
-0.935876621264
-1.06803978975
-1.19183947469
-1.30495347604
-1.40560055147
-1.49245060425
-1.56453747851
-1.6211813429
-1.66192335542
-1.68647373008
-1.6946739433
-1.68647373008
-1.66192335542
-1.6211813429
-1.56453747851
-1.49245060425
-1.40560055147
-1.30495347604
-1.19183947469
-1.06803978975
-0.935876621264
-0.798289856293
-0.658871695478
-0.521816599054
-0.391741766282
-0.273358489193
-0.171034763052
-0.0883650911337
-0.0279030337508
0.00883796034057
0.0211493864368
-0.00730418542522
-0.0166736256144
-0.0449874220339
-0.0926270063178
-0.159584619841
-0.244890162035
-0.346323460017
-0.460516278467
-0.583347838213
-0.710442141896
-0.837599668332
-0.961080703167
-1.07773679031
-1.18502908288
-1.28098024433
-1.36409644833
-1.43328220386
-1.48776006997
-1.52700107155
-1.55066861588
-1.55857744672
-1.55066861588
-1.52700107155
-1.48776006997
-1.43328220386
-1.36409644833
-1.28098024433
-1.18502908288
-1.07773679031
-0.961080703167
-0.837599668332
-0.710442141896
-0.583347838213
-0.460516278467
-0.346323460017
-0.244890162035
-0.159584619841
-0.0926270063178
-0.0449874220339
-0.0166736256144
-0.00730418542522
-0.0246990510043
-0.0320476292844
-0.0544383238284
-0.0926705619095
-0.147416618878
-0.218587713946
-0.304932861541
-0.404001481047
-0.512419448823
-0.6263224452
-0.741786490077
-0.855155407892
-0.963234937644
-1.0633703865
-1.15344325148
-1.23182138663
-1.29728854468
-1.34896988717
-1.38626324057
-1.40878168048
-1.41631067406
-1.40878168048
-1.38626324057
-1.34896988717
-1.29728854468
-1.23182138663
-1.15344325148
-1.0633703865
-0.963234937644
-0.855155407892
-0.741786490077
-0.6263224452
-0.512419448823
-0.404001481047
-0.304932861541
-0.218587713946
-0.147416618878
-0.0926705619095
-0.0544383238284
-0.0320476292844
-0.0246990510043
-0.0207030509175
-0.0272264773193
-0.0469930088667
-0.0804632111464
-0.128030972254
-0.189624797324
-0.264394962849
-0.350592153747
-0.445659141013
-0.546480710306
-0.649699590905
-0.752012143271
-0.850390235362
-0.94221273238
-1.0253164983
-1.09798893392
-1.15892532779
-1.20717012982
-1.24205582304
-1.26314841865
-1.27020524408
-1.26314841865
-1.24205582304
-1.20717012982
-1.15892532779
-1.09798893392
-1.0253164983
-0.94221273238
-0.850390235362
-0.752012143271
-0.649699590905
-0.546480710306
-0.445659141013
-0.350592153747
-0.264394962849
-0.189624797324
-0.128030972254
-0.0804632111464
-0.0469930088667
-0.0272264773193
-0.0207030509175
-0.00082007549944
-0.00728285285743
-0.0265744869522
-0.0584243950354
-0.102414027835
-0.157947047877
-0.224141008112
-0.299688329792
-0.382771227927
-0.471090675914
-0.562009716747
-0.652761825164
-0.740660800457
-0.823265083652
-0.89847710886
-0.964581176874
-1.02023536558
-1.06443576925
-1.09646904089
-1.11586523526
-1.12235914113
-1.11586523526
-1.09646904089
-1.06443576925
-1.02023536558
-0.964581176874
-0.89847710886
-0.823265083652
-0.740660800457
-0.652761825164
-0.562009716747
-0.471090675914
-0.382771227927
-0.299688329792
-0.224141008112
-0.157947047877
-0.102414027835
-0.0584243950354
-0.0265744869522
-0.00728285285743
-0.00082007549944
0.0162143832618
0.00997683344399
-0.00845052979304
-0.0383157364956
-0.0786368454725
-0.128408135681
-0.186651601651
-0.252310944991
-0.324086683034
-0.400327963323
-0.479041634641
-0.558007787726
-0.634948386934
-0.707691853828
-0.774296588932
-0.833121082766
-0.882846026911
-0.922462243511
-0.951239716448
-0.968690870867
-0.974537927121
-0.968690870867
-0.951239716448
-0.922462243511
-0.882846026911
-0.833121082766
-0.774296588932
-0.707691853828
-0.634948386934
-0.558007787726
-0.479041634641
-0.400327963323
-0.324086683034
-0.252310944991
-0.186651601651
-0.128408135681
-0.0786368454725
-0.0383157364956
-0.00845052979304
0.00997683344399
0.0162143832618
0.0145875767735
0.00942041877301
-0.00586968481993
-0.0307156805523
-0.06435168887
-0.105959798094
-0.154722829618
-0.209767789176
-0.270052412912
-0.334271502891
-0.400836710779
-0.467939092945
-0.533667666225
-0.596143597723
-0.653635955416
-0.704640556888
-0.747918761393
-0.782503227749
-0.807682138729
-0.822973722794
-0.828100979327
-0.822973722794
-0.807682138729
-0.782503227749
-0.747918761393
-0.704640556888
-0.653635955416
-0.596143597723
-0.533667666225
-0.467939092945
-0.400836710779
-0.334271502891
-0.270052412912
-0.209767789176
-0.154722829618
-0.105959798094
-0.06435168887
-0.0307156805523
-0.00586968481993
0.00942041877301
0.0145875767735
-0.00232363729404
-0.0058107216064
-0.0163058999879
-0.0338700827121
-0.0584934009633
-0.0899938058171
-0.127952213762
-0.171689930186
-0.220272246752
-0.272525404818
-0.327068398319
-0.382367359785
-0.436813499718
-0.488814034195
-0.536879094438
-0.579689578762
-0.616138357925
-0.645345432552
-0.666653381919
-0.679611881312
-0.683959838625
-0.679611881312
-0.666653381919
-0.645345432552
-0.616138357925
-0.579689578762
-0.536879094438
-0.488814034195
-0.436813499718
-0.382367359785
-0.327068398319
-0.272525404818
-0.220272246752
-0.171689930186
-0.127952213762
-0.0899938058171
-0.0584934009633
-0.0338700827121
-0.0163058999879
-0.0058107216064
-0.00232363729404
-0.0145550781979
-0.0166968442611
-0.0233070026748
-0.0348396663298
-0.0517770298718
-0.0743812630264
-0.102550057667
-0.135801361089
-0.173340685391
-0.214148480161
-0.257052838652
-0.300786120405
-0.344038136061
-0.385513712326
-0.423991790525
-0.458377173983
-0.487737002249
-0.511319034922
-0.528554083006
-0.539048233867
-0.542571450348
-0.539048233867
-0.528554083006
-0.511319034922
-0.487737002249
-0.458377173983
-0.423991790525
-0.385513712326
-0.344038136061
-0.300786120405
-0.257052838652
-0.214148480161
-0.173340685391
-0.135801361089
-0.102550057667
-0.0743812630264
-0.0517770298718
-0.0348396663298
-0.0233070026748
-0.0166968442611
-0.0145550781979
-0.00801384969422
-0.00975014670735
-0.0150437311423
-0.0241017255526
-0.0371384813732
-0.0542505693485
-0.0753337669323
-0.100059515334
-0.127895648614
-0.158145193884
-0.189985972862
-0.222507907098
-0.254752270222
-0.285755618641
-0.314595791797
-0.340433718798
-0.362544989847
-0.380338255649
-0.393361321367
-0.401298597525
-0.403964699063
-0.401298597525
-0.393361321367
-0.380338255649
-0.362544989847
-0.340433718798
-0.314595791797
-0.285755618641
-0.254752270222
-0.222507907098
-0.189985972862
-0.158145193884
-0.127895648614
-0.100059515334
-0.0753337669323
-0.0542505693485
-0.0371384813732
-0.0241017255526
-0.0150437311423
-0.00975014670735
-0.00801384969422
0.00818524415151
0.00639367877031
0.00114621808966
-0.00722866751586
-0.0183251642928
-0.0317763969713
-0.0473019231975
-0.0646791073788
-0.08367503215
-0.103983944744
-0.12519636482
-0.146802746687
-0.168221421436
-0.188838061085
-0.208046521785
-0.22528434105
-0.240059115372
-0.251964576924
-0.260687432934
-0.266007620794
-0.267795297114
-0.266007620794
-0.260687432934
-0.251964576924
-0.240059115372
-0.22528434105
-0.208046521785
-0.188838061085
-0.168221421436
-0.146802746687
-0.12519636482
-0.103983944744
-0.08367503215
-0.0646791073788
-0.0473019231975
-0.0317763969713
-0.0183251642928
-0.00722866751586
0.00114621808966
0.00639367877031
0.00818524415151
0.0128027624166
0.0115009878713
0.00777316501729
0.00207371854133
-0.00505058131276
-0.0131419255132
-0.0219204231173
-0.0312642159467
-0.0411263636893
-0.0514489367623
-0.0621112407805
-0.0729177032683
-0.0836127331622
-0.0939070284909
-0.103504614037
-0.112125327825
-0.119520963663
-0.125485100926
-0.129857645686
-0.132525675812
-0.133422377818
-0.132525675812
-0.129857645686
-0.125485100926
-0.119520963663
-0.112125327825
-0.103504614037
-0.0939070284909
-0.0836127331622
-0.0729177032683
-0.0621112407805
-0.0514489367623
-0.0411263636893
-0.0312642159467
-0.0219204231173
-0.0131419255132
-0.00505058131276
0.00207371854133
0.00777316501729
0.0115009878713
0.0128027624166
1.3101911054e-17
1.19420188303e-17
8.64101023308e-18
3.65592439503e-18
-2.46490486033e-18
-9.26670245702e-18
-1.64808454736e-17
-2.40076810018e-17
-3.18345772534e-17
-3.99496471163e-17
-4.82884254195e-17
-5.67193750632e-17
-6.5055733418e-17
-7.30783595758e-17
-8.05591849131e-17
-8.72804312461e-17
-9.30482191929e-17
-9.77008204832e-17
-1.01112543907e-16
-1.03194604066e-16
-1.03894418213e-16
-1.03194604066e-16
-1.01112543907e-16
-9.77008204832e-17
-9.30482191929e-17
-8.72804312461e-17
-8.05591849131e-17
-7.30783595758e-17
-6.5055733418e-17
-5.67193750632e-17
-4.82884254195e-17
-3.99496471163e-17
-3.18345772534e-17
-2.40076810018e-17
-1.64808454736e-17
-9.26670245702e-18
-2.46490486033e-18
3.65592439503e-18
8.64101023308e-18
1.19420188303e-17
1.3101911054e-17
-0.0128027624166
-0.0115009878713
-0.00777316501729
-0.00207371854133
0.00505058131276
0.0131419255132
0.0219204231173
0.0312642159467
0.0411263636893
0.0514489367623
0.0621112407805
0.0729177032683
0.0836127331622
0.0939070284909
0.103504614037
0.112125327825
0.119520963663
0.125485100926
0.129857645686
0.132525675812
0.133422377818
0.132525675812
0.129857645686
0.125485100926
0.119520963663
0.112125327825
0.103504614037
0.0939070284909
0.0836127331622
0.0729177032683
0.0621112407805
0.0514489367623
0.0411263636893
0.0312642159467
0.0219204231173
0.0131419255132
0.00505058131276
-0.00207371854133
-0.00777316501729
-0.0115009878713
-0.0128027624166
-0.00818524415151
-0.00639367877031
-0.00114621808966
0.00722866751586
0.0183251642928
0.0317763969713
0.0473019231975
0.0646791073788
0.08367503215
0.103983944744
0.12519636482
0.146802746687
0.168221421436
0.188838061085
0.208046521785
0.22528434105
0.240059115372
0.251964576924
0.260687432934
0.266007620794
0.267795297114
0.266007620794
0.260687432934
0.251964576924
0.240059115372
0.22528434105
0.208046521785
0.188838061085
0.168221421436
0.146802746687
0.12519636482
0.103983944744
0.08367503215
0.0646791073788
0.0473019231975
0.0317763969713
0.0183251642928
0.00722866751586
-0.00114621808966
-0.00639367877031
-0.00818524415151
0.00801384969422
0.00975014670735
0.0150437311423
0.0241017255526
0.0371384813732
0.0542505693485
0.0753337669323
0.100059515334
0.127895648614
0.158145193884
0.189985972862
0.222507907098
0.254752270222
0.285755618641
0.314595791797
0.340433718798
0.362544989847
0.380338255649
0.393361321367
0.401298597525
0.403964699063
0.401298597525
0.393361321367
0.380338255649
0.362544989847
0.340433718798
0.314595791797
0.285755618641
0.254752270222
0.222507907098
0.189985972862
0.158145193884
0.127895648614
0.100059515334
0.0753337669323
0.0542505693485
0.0371384813732
0.0241017255526
0.0150437311423
0.00975014670735
0.00801384969422
0.0145550781979
0.0166968442611
0.0233070026748
0.0348396663298
0.0517770298718
0.0743812630264
0.102550057667
0.135801361089
0.173340685391
0.214148480161
0.257052838652
0.300786120405
0.344038136061
0.385513712326
0.423991790525
0.458377173983
0.487737002249
0.511319034922
0.528554083006
0.539048233867
0.542571450348
0.539048233867
0.528554083006
0.511319034922
0.487737002249
0.458377173983
0.423991790525
0.385513712326
0.344038136061
0.300786120405
0.257052838652
0.214148480161
0.173340685391
0.135801361089
0.102550057667
0.0743812630264
0.0517770298718
0.0348396663298
0.0233070026748
0.0166968442611
0.0145550781979
0.00232363729404
0.0058107216064
0.0163058999879
0.0338700827121
0.0584934009633
0.0899938058171
0.127952213762
0.171689930186
0.220272246752
0.272525404818
0.327068398319
0.382367359785
0.436813499718
0.488814034195
0.536879094438
0.579689578762
0.616138357925
0.645345432552
0.666653381919
0.679611881312
0.683959838625
0.679611881312
0.666653381919
0.645345432552
0.616138357925
0.579689578762
0.536879094438
0.488814034195
0.436813499718
0.382367359785
0.327068398319
0.272525404818
0.220272246752
0.171689930186
0.127952213762
0.0899938058171
0.0584934009633
0.0338700827121
0.0163058999879
0.0058107216064
0.00232363729404
-0.0145875767735
-0.00942041877301
0.00586968481993
0.0307156805523
0.06435168887
0.105959798094
0.154722829618
0.209767789176
0.270052412912
0.334271502891
0.400836710779
0.467939092945
0.533667666225
0.596143597723
0.653635955416
0.704640556888
0.747918761393
0.782503227749
0.807682138729
0.822973722794
0.828100979327
0.822973722794
0.807682138729
0.782503227749
0.747918761393
0.704640556888
0.653635955416
0.596143597723
0.533667666225
0.467939092945
0.400836710779
0.334271502891
0.270052412912
0.209767789176
0.154722829618
0.105959798094
0.06435168887
0.0307156805523
0.00586968481993
-0.00942041877301
-0.0145875767735
-0.0162143832618
-0.00997683344399
0.00845052979304
0.0383157364956
0.0786368454725
0.128408135681
0.186651601651
0.252310944991
0.324086683034
0.400327963323
0.479041634641
0.558007787726
0.634948386934
0.707691853828
0.774296588932
0.833121082766
0.882846026911
0.922462243511
0.951239716448
0.968690870867
0.974537927121
0.968690870867
0.951239716448
0.922462243511
0.882846026911
0.833121082766
0.774296588932
0.707691853828
0.634948386934
0.558007787726
0.479041634641
0.400327963323
0.324086683034
0.252310944991
0.186651601651
0.128408135681
0.0786368454725
0.0383157364956
0.00845052979304
-0.00997683344399
-0.0162143832618
0.00082007549944
0.00728285285743
0.0265744869522
0.0584243950354
0.102414027835
0.157947047877
0.224141008112
0.299688329792
0.382771227927
0.471090675914
0.562009716747
0.652761825164
0.740660800457
0.823265083652
0.89847710886
0.964581176874
1.02023536558
1.06443576925
1.09646904089
1.11586523526
1.12235914113
1.11586523526
1.09646904089
1.06443576925
1.02023536558
0.964581176874
0.89847710886
0.823265083652
0.740660800457
0.652761825164
0.562009716747
0.471090675914
0.382771227927
0.299688329792
0.224141008112
0.157947047877
0.102414027835
0.0584243950354
0.0265744869522
0.00728285285743
0.00082007549944
0.0207030509175
0.0272264773193
0.0469930088667
0.0804632111464
0.128030972254
0.189624797324
0.264394962849
0.350592153747
0.445659141013
0.546480710306
0.649699590905
0.752012143271
0.850390235362
0.94221273238
1.0253164983
1.09798893392
1.15892532779
1.20717012982
1.24205582304
1.26314841865
1.27020524408
1.26314841865
1.24205582304
1.20717012982
1.15892532779
1.09798893392
1.0253164983
0.94221273238
0.850390235362
0.752012143271
0.649699590905
0.546480710306
0.445659141013
0.350592153747
0.264394962849
0.189624797324
0.128030972254
0.0804632111464
0.0469930088667
0.0272264773193
0.0207030509175
0.0246990510043
0.0320476292844
0.0544383238284
0.0926705619095
0.147416618878
0.218587713946
0.304932861541
0.404001481047
0.512419448823
0.6263224452
0.741786490077
0.855155407892
0.963234937644
1.0633703865
1.15344325148
1.23182138663
1.29728854468
1.34896988717
1.38626324057
1.40878168048
1.41631067406
1.40878168048
1.38626324057
1.34896988717
1.29728854468
1.23182138663
1.15344325148
1.0633703865
0.963234937644
0.855155407892
0.741786490077
0.6263224452
0.512419448823
0.404001481047
0.304932861541
0.218587713946
0.147416618878
0.0926705619095
0.0544383238284
0.0320476292844
0.0246990510043
0.00730418542522
0.0166736256144
0.0449874220339
0.0926270063178
0.159584619841
0.244890162035
0.346323460017
0.460516278467
0.583347838213
0.710442141896
0.837599668332
0.961080703167
1.07773679031
1.18502908288
1.28098024433
1.36409644833
1.43328220386
1.48776006997
1.52700107155
1.55066861588
1.55857744672
1.55066861588
1.52700107155
1.48776006997
1.43328220386
1.36409644833
1.28098024433
1.18502908288
1.07773679031
0.961080703167
0.837599668332
0.710442141896
0.583347838213
0.460516278467
0.346323460017
0.244890162035
0.159584619841
0.0926270063178
0.0449874220339
0.0166736256144
0.00730418542522
-0.0211493864368
-0.00883796034057
0.0279030337508
0.0883650911337
0.171034763052
0.273358489193
0.391741766282
0.521816599054
0.658871695478
0.798289856293
0.935876621264
1.06803978975
1.19183947469
1.30495347604
1.40560055147
1.49245060425
1.56453747851
1.6211813429
1.66192335542
1.68647373008
1.6946739433
1.68647373008
1.66192335542
1.6211813429
1.56453747851
1.49245060425
1.40560055147
1.30495347604
1.19183947469
1.06803978975
0.935876621264
0.798289856293
0.658871695478
0.521816599054
0.391741766282
0.273358489193
0.171034763052
0.0883650911337
0.0279030337508
-0.00883796034057
-0.0211493864368
-0.043500666094
-0.0280009395696
0.0177860784239
0.0917583937245
0.190546381941
0.309755120844
0.444326468995
0.588965558453
0.738543754709
0.888402287766
1.03452408243
1.17358570076
1.30292591241
1.42046998016
1.52463865241
1.6142583785
1.68848004824
1.74670866806
1.78854460807
1.81373681895
1.82214862613
1.81373681895
1.78854460807
1.74670866806
1.68848004824
1.6142583785
1.52463865241
1.42046998016
1.30292591241
1.17358570076
1.03452408243
0.888402287766
0.738543754709
0.588965558453
0.444326468995
0.309755120844
0.190546381941
0.0917583937245
0.0177860784239
-0.0280009395696
-0.043500666094
-0.0465709350499
-0.0282782303732
0.0253959583389
0.111038124129
0.223557501605
0.356894600524
0.504722923433
0.661005028314
0.820342917764
0.978134705226
1.13059009051
1.27466479734
1.4079613415
1.52862476809
1.63524648163
1.72677994715
1.80246799339
1.86178061023
1.90436267945
1.92999188958
1.93854764022
1.92999188958
1.90436267945
1.86178061023
1.80246799339
1.72677994715
1.63524648163
1.52862476809
1.4079613415
1.27466479734
1.13059009051
0.978134705226
0.820342917764
0.661005028314
0.504722923433
0.356894600524
0.223557501605
0.111038124129
0.0253959583389
-0.0282782303732
-0.0465709350499
-0.0266773736769
-0.00633865439199
0.0530989718398
0.147226283686
0.269655286228
0.41308779021
0.570274168294
0.734660305149
0.900688173833
1.06383328478
1.22049839983
1.3678598581
1.50372022903
1.6263861175
1.73457108337
1.82731745562
1.90393116763
1.96392613297
2.00697696983
2.03288040556
2.04152643229
2.03288040556
2.00697696983
1.96392613297
1.90393116763
1.82731745562
1.73457108337
1.6263861175
1.50372022903
1.3678598581
1.22049839983
1.06383328478
0.900688173833
0.734660305149
0.570274168294
0.41308779021
0.269655286228
0.147226283686
0.0530989718398
-0.00633865439199
-0.0266773736769
0.0109832501139
0.0325823105934
0.095565533615
0.194898988049
0.323383813182
0.472952618353
0.635789221967
0.805030224121
0.975031178783
1.14132683489
1.30044751757
1.44971055337
1.58704382442
1.71085351828
1.81992742727
1.9133612065
1.99049825077
2.05087831921
2.09419340842
2.12025131787
2.12894818034
2.12025131787
2.09419340842
2.05087831921
1.99049825077
1.9133612065
1.81992742727
1.71085351828
1.58704382442
1.44971055337
1.30044751757
1.14132683489
0.975031178783
0.805030224121
0.635789221967
0.472952618353
0.323383813182
0.194898988049
0.095565533615
0.0325823105934
0.0109832501139
0.0562041384187
0.0784401682608
0.143214144021
0.245173563198
0.376706811666
0.529356217656
0.695019810655
0.866680150045
1.03865216982
1.20650345134
1.36683093978
1.51702447155
1.65507576247
1.77944132743
1.88894620875
1.98271264992
2.06010262027
2.12066863512
2.16411123765
2.19024365839
2.19896503723
2.19024365839
2.16411123765
2.12066863512
2.06010262027
1.98271264992
1.88894620875
1.77944132743
1.65507576247
1.51702447155
1.36683093978
1.20650345134
1.03865216982
0.866680150045
0.695019810655
0.529356217656
0.376706811666
0.245173563198
0.143214144021
0.0784401682608
0.0562041384187
0.0978693154848
0.120349619234
0.185810143703
0.28877574479
0.421476032513
0.575303412351
0.742046407275
0.9146288803
1.0873506945
1.25579250102
1.41657714817
1.56712248571
1.70544479064
1.83001987647
1.93968702552
2.0335786171
2.11106368406
2.17169958279
2.21519009482
2.24135050616
2.25008109395
2.24135050616
2.21519009482
2.17169958279
2.11106368406
2.0335786171
1.93968702552
1.83001987647
1.70544479064
1.56712248571
1.41657714817
1.25579250102
1.0873506945
0.9146288803
0.742046407275
0.575303412351
0.421476032513
0.28877574479
0.185810143703
0.120349619234
0.0978693154848
0.126779461639
0.149316920134
0.2149380669
0.318139025795
0.451112218947
0.605214953651
0.77221013793
0.945007930466
1.11790470741
1.28648421508
1.44737539007
1.59800265258
1.73638803265
1.86101185909
1.97071674252
2.06463742908
2.14214459969
2.20279673949
2.24629838465
2.27246530003
2.28119802759
2.27246530003
2.24629838465
2.20279673949
2.14214459969
2.06463742908
1.97071674252
1.86101185909
1.73638803265
1.59800265258
1.44737539007
1.28648421508
1.11790470741
0.945007930466
0.77221013793
0.605214953651
0.451112218947
0.318139025795
0.2149380669
0.149316920134
0.126779461639
0.137079106748
0.159620393965
0.225252300404
0.32846902471
0.46146049734
0.615581674142
0.782593747327
0.955405957935
1.12831444906
1.29690317486
1.45780148014
1.60843422547
1.74682382635
1.87145091407
1.98115832216
2.07508095523
2.15258960457
2.21324283086
2.25674522079
2.28291257125
2.29164544196
2.28291257125
2.25674522079
2.21324283086
2.15258960457
2.07508095523
1.98115832216
1.87145091407
1.74682382635
1.60843422547
1.45780148014
1.29690317486
1.12831444906
0.955405957935
0.782593747327
0.615581674142
0.46146049734
0.32846902471
0.225252300404
0.159620393965
0.137079106748
