-2.8706748303e-16
-2.83038334352e-16
-2.71533755424e-16
-2.54120136254e-16
-2.32888780587e-16
-2.09927804108e-16
-1.86925100956e-16
-1.64997599718e-16
-1.44721944099e-16
-1.26275511921e-16
-1.09596963118e-16
-9.45127819904e-17
-8.08153680405e-17
-6.83011745852e-17
-5.67839504157e-17
-4.6095663967e-17
-3.60828463748e-17
-2.66021571108e-17
-1.75166437862e-17
-8.69304181131e-18
-6.76044798444e-33
8.69304181131e-18
1.75166437862e-17
2.66021571108e-17
3.60828463748e-17
4.6095663967e-17
5.67839504157e-17
6.83011745852e-17
8.08153680405e-17
9.45127819904e-17
1.09596963118e-16
1.26275511921e-16
1.44721944099e-16
1.64997599718e-16
1.86925100956e-16
2.09927804108e-16
2.32888780587e-16
2.54120136254e-16
2.71533755424e-16
2.83038334352e-16
2.8706748303e-16
-0.022699940676
-0.0223813572728
-0.0214716914311
-0.0200947902295
-0.0184160046536
-0.0166004360978
-0.0147815448545
-0.0130476492337
-0.011444349904
-0.0099856783429
-0.00866678991613
-0.00747396887009
-0.00639080288281
-0.00540119892487
-0.00449043061345
-0.00364521158596
-0.00285340656586
-0.00210368088283
-0.0013852048267
-0.000687440189006
-5.34611925386e-19
0.000687440189006
0.0013852048267
0.00210368088283
0.00285340656586
0.00364521158596
0.00449043061345
0.00540119892487
0.00639080288281
0.00747396887009
0.00866678991613
0.0099856783429
0.011444349904
0.0130476492337
0.0147815448545
0.0166004360978
0.0184160046536
0.0200947902295
0.0214716914311
0.0223813572728
0.022699940676
-0.0905824463141
-0.0893125131163
-0.0856862514257
-0.0801969309167
-0.0735032133944
-0.0662629140697
-0.0590079758926
-0.0520906399853
-0.0456930159812
-0.0398714101128
-0.0346068389951
-0.0298448720101
-0.0255202403609
-0.0215688739934
-0.0179320968434
-0.0145569372027
-0.0113949890328
-0.00840102346981
-0.00553181569211
-0.00274529740734
-2.13497785826e-18
0.00274529740734
0.00553181569211
0.00840102346981
0.0113949890328
0.0145569372027
0.0179320968434
0.0215688739934
0.0255202403609
0.0298448720101
0.0346068389951
0.0398714101128
0.0456930159812
0.0520906399853
0.0590079758926
0.0662629140697
0.0735032133944
0.0801969309167
0.0856862514257
0.0893125131163
0.0905824463141
-0.202542699403
-0.19971610712
-0.191643277857
-0.179418198423
-0.164502498301
-0.148357347449
-0.132166203792
-0.116714881017
-0.102411951723
-0.0893863382655
-0.0775989451162
-0.0669309599451
-0.0572385901415
-0.048379999357
-0.0402248400667
-0.0326551162504
-0.0255627745222
-0.0188466962763
-0.0124101382693
-0.00615887877613
-4.78968236039e-18
0.00615887877613
0.0124101382693
0.0188466962763
0.0255627745222
0.0326551162504
0.0402248400667
0.048379999357
0.0572385901415
0.0669309599451
0.0775989451162
0.0893863382655
0.102411951723
0.116714881017
0.132166203792
0.148357347449
0.164502498301
0.179418198423
0.191643277857
0.19971610712
0.202542699403
-0.355311648091
-0.350413538154
-0.336417084122
-0.315199718662
-0.289273680372
-0.261157039471
-0.23289805322
-0.205866796729
-0.180786342938
-0.15789687314
-0.137145386369
-0.118336936147
-0.101229295909
-0.0855803055472
-0.0711652949615
-0.0577793793972
-0.045233871524
-0.0333514559577
-0.0219619969032
-0.0108994788866
-8.47644340861e-18
0.0108994788866
0.0219619969032
0.0333514559577
0.045233871524
0.0577793793972
0.0711652949615
0.0855803055472
0.101229295909
0.118336936147
0.137145386369
0.15789687314
0.180786342938
0.205866796729
0.23289805322
0.261157039471
0.289273680372
0.315199718662
0.336417084122
0.350413538154
0.355311648091
-0.541707432091
-0.534429533763
-0.513609710217
-0.481979765519
-0.443207474861
-0.400990074123
-0.358362708332
-0.317387214433
-0.279185368516
-0.244166990583
-0.212300020375
-0.183329565606
-0.156917908741
-0.132716917711
-0.110396762535
-0.089651843637
-0.0701973152104
-0.0517631455295
-0.0340886650754
-0.0169185149401
-1.31575829081e-17
0.0169185149401
0.0340886650754
0.0517631455295
0.0701973152104
0.089651843637
0.110396762535
0.132716917711
0.156917908741
0.183329565606
0.212300020375
0.244166990583
0.279185368516
0.317387214433
0.358362708332
0.400990074123
0.443207474861
0.481979765519
0.513609710217
0.534429533763
0.541707432091
-0.749270688826
-0.739663053806
-0.712122045152
-0.670112205177
-0.618315423836
-0.561502848926
-0.503659396678
-0.447569447068
-0.394829148093
-0.346109192709
-0.301482343965
-0.260698442248
-0.223367318182
-0.189059188667
-0.157349359212
-0.12783217699
-0.100121002276
-0.0738434265859
-0.0486360323427
-0.0241403042885
-1.87744450436e-17
0.0241403042885
0.0486360323427
0.0738434265859
0.100121002276
0.12783217699
0.157349359212
0.189059188667
0.223367318182
0.260698442248
0.301482343965
0.346109192709
0.394829148093
0.447569447068
0.503659396678
0.561502848926
0.618315423836
0.670112205177
0.712122045152
0.739663053806
0.749270688826
-0.960711618786
-0.949301430973
-0.91647855136
-0.866069335133
-0.803307277118
-0.733632040689
-0.661726469834
-0.59101921819
-0.523636896506
-0.460639096345
-0.402348219558
-0.348646383218
-0.299187669534
-0.253526253443
-0.211182797706
-0.171673305927
-0.134518402029
-0.0992440160393
-0.0653793152997
-0.0324545815628
-2.52416038081e-17
0.0324545815628
0.0653793152997
0.0992440160393
0.134518402029
0.171673305927
0.211182797706
0.253526253443
0.299187669534
0.348646383218
0.402348219558
0.460639096345
0.523636896506
0.59101921819
0.661726469834
0.733632040689
0.803307277118
0.866069335133
0.91647855136
0.949301430973
0.960711618786
-1.15759470927
-1.14535563328
-1.10994982342
-1.05498134521
-0.9854922965
-0.906913402712
-0.824166110631
-0.741124652587
-0.660461288907
-0.583767288353
-0.511803619085
-0.44476533358
-0.382497492356
-0.324645534107
-0.270748120821
-0.220288876232
-0.172722595659
-0.127487428325
-0.0840103674128
-0.0417102057342
-3.24419712272e-17
0.0417102057342
0.0840103674128
0.127487428325
0.172722595659
0.220288876232
0.270748120821
0.324645534107
0.382497492356
0.44476533358
0.511803619085
0.583767288353
0.660461288907
0.741124652587
0.824166110631
0.906913402712
0.9854922965
1.05498134521
1.10994982342
1.14535563328
1.15759470927
-1.3271860733
-1.31525499906
-1.2804468527
-1.22553218729
-1.15456710811
-1.07221985647
-0.983100226369
-0.89124010894
-0.799801104909
-0.711004262528
-0.626220526847
-0.546142201652
-0.470968587267
-0.400565688818
-0.334585192966
-0.272544384254
-0.213875962478
-0.15795782424
-0.10413104281
-0.0517117057647
-4.02240717489e-17
0.0517117057647
0.10413104281
0.15795782424
0.213875962478
0.272544384254
0.334585192966
0.400565688818
0.470968587267
0.546142201652
0.626220526847
0.711004262528
0.799801104909
0.89124010894
0.983100226369
1.07221985647
1.15456710811
1.22553218729
1.2804468527
1.31525499906
1.3271860733
-1.46921565798
-1.45839042787
-1.42645225247
-1.37500507037
-1.306654973
-1.22481663299
-1.13336415388
-1.03618982026
-0.936790931195
-0.83798967017
-0.741825454707
-0.649592754818
-0.561963612782
-0.479135645044
-0.400966854543
-0.327080973869
-0.2569423915
-0.189906864969
-0.125255739167
-0.0622201831208
-4.84026547854e-17
0.0622201831208
0.125255739167
0.189906864969
0.2569423915
0.327080973869
0.400966854543
0.479135645044
0.561963612782
0.649592754818
0.741825454707
0.83798967017
0.936790931195
1.03618982026
1.13336415388
1.22481663299
1.306654973
1.37500507037
1.42645225247
1.45839042787
1.46921565798
-1.59655586544
-1.58684151971
-1.55787044278
-1.51027456731
-1.44539776868
-1.36547159522
-1.27354744139
-1.17317247837
-1.06793657206
-0.961057092726
-0.85511328068
-0.751953764398
-0.652736537891
-0.558039285364
-0.467988028572
-0.382373624163
-0.300744678812
-0.22247703867
-0.146824912428
-0.0729594990951
-5.67633755996e-17
0.0729594990951
0.146824912428
0.22247703867
0.300744678812
0.382373624163
0.467988028572
0.558039285364
0.652736537891
0.751953764398
0.85511328068
0.961057092726
1.06793657206
1.17317247837
1.27354744139
1.36547159522
1.44539776868
1.51027456731
1.55787044278
1.58684151971
1.59655586544
-1.72570995408
-1.71631702444
-1.68820614301
-1.64170452499
-1.5776839258
-1.49781287292
-1.40460422963
-1.30121051801
-1.19104931542
-1.07739999641
-0.963089870137
-0.850321917417
-0.740634825936
-0.634953402249
-0.533683298349
-0.436815770611
-0.344023555813
-0.254741056746
-0.168229114914
-0.0836276484397
-6.5071497971e-17
0.0836276484397
0.168229114914
0.254741056746
0.344023555813
0.436815770611
0.533683298349
0.634953402249
0.740634825936
0.850321917417
0.963089870137
1.07739999641
1.19104931542
1.30121051801
1.40460422963
1.49781287292
1.5776839258
1.64170452499
1.68820614301
1.71631702444
1.72570995408
-1.86161459898
-1.85158534351
-1.82172792187
-1.77275726761
-1.7059280635
-1.62307769123
-1.52660514957
-1.41935229647
-1.30439254785
-1.18477103342
-1.06325769222
-0.942164112596
-0.823246664417
-0.707689952263
-0.596147678798
-0.488814617605
-0.385508857988
-0.285751801092
-0.188840559425
-0.0939120090197
-7.30836439728e-17
0.0939120090197
0.188840559425
0.285751801092
0.385508857988
0.488814617605
0.596147678798
0.707689952263
0.823246664417
0.942164112596
1.06325769222
1.18477103342
1.30439254785
1.41935229647
1.52660514957
1.62307769123
1.7059280635
1.77275726761
1.82172792187
1.85158534351
1.86161459898
-1.99041845654
-1.97947387838
-1.94709275754
-1.89454591093
-1.82371266218
-1.73685882183
-1.63648372398
-1.5252385771
-1.40586207617
-1.28108252481
-1.15347818516
-1.0253261032
-0.898479442519
-0.774298425776
-0.653637944321
-0.536879519684
-0.423990348546
-0.314594592329
-0.20804729327
-0.103506182341
-8.05608541398e-17
0.103506182341
0.20804729327
0.314594592329
0.423990348546
0.536879519684
0.653637944321
0.774298425776
0.898479442519
1.0253261032
1.15347818516
1.28108252481
1.40586207617
1.5252385771
1.63648372398
1.73685882183
1.82371266218
1.89454591093
1.94709275754
1.97947387838
1.99041845654
-2.09088571669
-2.07968265719
-2.04655814566
-1.99286246772
-1.92055852939
-1.83194868518
-1.72948714174
-1.61569844885
-1.49314935111
-1.36440653627
-1.23194747011
-1.09803595874
-0.964597508601
-0.833126791152
-0.704642757669
-0.57969019273
-0.458376886787
-0.340433394468
-0.225284576414
-0.112125798632
-8.72809327186e-17
0.112125798632
0.225284576414
0.340433394468
0.458376886787
0.57969019273
0.704642757669
0.833126791152
0.964597508601
1.09803595874
1.23194747011
1.36440653627
1.49314935111
1.61569844885
1.72948714174
1.83194868518
1.92055852939
1.99286246772
2.04655814566
2.07968265719
2.09088571669
-2.1561432287
-2.14555895181
-2.11409031978
-2.06257383993
-1.99235242276
-1.90520638098
-1.80327014098
-1.68894086722
-1.56477913736
-1.43339792983
-1.29733918325
-1.15894560093
-1.02024287293
-0.882848722823
-0.747919757463
-0.616138654054
-0.487736958082
-0.362544906806
-0.240059184261
-0.119521098874
-9.30483632505e-17
0.119521098874
0.240059184261
0.362544906806
0.487736958082
0.616138654054
0.747919757463
0.882848722823
1.02024287293
1.15894560093
1.29733918325
1.43339792983
1.56477913736
1.68894086722
1.80327014098
1.90520638098
1.99235242276
2.06257383993
2.11409031978
2.14555895181
2.1561432287
-2.20145467678
-2.19159055405
-2.16207104368
-2.11318766689
-2.04561808099
-1.96057468451
-1.85984251861
-1.74568911191
-1.6206919964
-1.48754498017
-1.34888289208
-1.20713756356
-1.0644244264
-0.922458572094
-0.782502132367
-0.645345110909
-0.511318909231
-0.380338201536
-0.251964587409
-0.125485136171
-9.77008590895e-17
0.125485136171
0.251964587409
0.380338201536
0.511318909231
0.645345110909
0.782502132367
0.922458572094
1.0644244264
1.20713756356
1.34888289208
1.48754498017
1.6206919964
1.74568911191
1.85984251861
1.96057468451
2.04561808099
2.11318766689
2.16207104368
2.19159055405
2.20145467678
-2.24568946626
-2.23576664211
-2.2060847338
-2.15696355279
-2.08909514403
-2.00366925069
-1.9024078603
-1.78749030192
-1.66140318912
-1.52676560352
-1.38616507687
-1.24201796501
-1.0964554665
-0.951235171995
-0.807680713145
-0.666652954805
-0.528553951273
-0.393361279623
-0.260687428416
-0.12985765337
-1.01112553257e-16
0.12985765337
0.260687428416
0.393361279623
0.528553951273
0.666652954805
0.807680713145
0.951235171995
1.0964554665
1.24201796501
1.38616507687
1.52676560352
1.66140318912
1.78749030192
1.9024078603
2.00366925069
2.08909514403
2.15696355279
2.2060847338
2.23576664211
2.24568946626
-2.28708549088
-2.27643044363
-2.24475297535
-2.19288172343
-2.12210120495
-2.03405524365
-1.93066891875
-1.81409172007
-1.68664348993
-1.55074299562
-1.40881166822
-1.26315960254
-1.11586911791
-0.968692136258
-0.822974114089
-0.679611995663
-0.539048263298
-0.401298603962
-0.266007624317
-0.132525679134
-1.0319460737e-16
0.132525679134
0.266007624317
0.401298603962
0.539048263298
0.679611995663
0.822974114089
0.968692136258
1.11586911791
1.26315960254
1.40881166822
1.55074299562
1.68664348993
1.81409172007
1.93066891875
2.03405524365
2.12210120495
2.19288172343
2.24475297535
2.27643044363
2.28708549088
-2.30501571393
-2.29392456662
-2.2610584044
-2.20754974116
-2.13504053735
-2.04545498008
-1.94085335609
-1.82338301321
-1.69527836747
-1.55884903045
-1.41642309318
-1.27024831154
-1.12237449262
-0.974543050366
-0.828102591446
-0.683960319759
-0.542571586432
-0.403964735771
-0.267795307792
-0.133422381645
-1.03894421121e-16
0.133422381645
0.267795307792
0.403964735771
0.542571586432
0.683960319759
0.828102591446
0.974543050366
1.12237449262
1.27024831154
1.41642309318
1.55884903045
1.69527836747
1.82338301321
1.94085335609
2.04545498008
2.13504053735
2.20754974116
2.2610584044
2.29392456662
2.30501571393
-2.28708549088
-2.27643044363
-2.24475297535
-2.19288172343
-2.12210120495
-2.03405524365
-1.93066891875
-1.81409172007
-1.68664348993
-1.55074299562
-1.40881166822
-1.26315960254
-1.11586911791
-0.968692136258
-0.822974114089
-0.679611995663
-0.539048263298
-0.401298603962
-0.266007624317
-0.132525679134
-1.0319460737e-16
0.132525679134
0.266007624317
0.401298603962
0.539048263298
0.679611995663
0.822974114089
0.968692136258
1.11586911791
1.26315960254
1.40881166822
1.55074299562
1.68664348993
1.81409172007
1.93066891875
2.03405524365
2.12210120495
2.19288172343
2.24475297535
2.27643044363
2.28708549088
-2.24568946626
-2.23576664211
-2.2060847338
-2.15696355279
-2.08909514403
-2.00366925069
-1.9024078603
-1.78749030192
-1.66140318912
-1.52676560352
-1.38616507687
-1.24201796501
-1.0964554665
-0.951235171995
-0.807680713145
-0.666652954805
-0.528553951273
-0.393361279623
-0.260687428416
-0.12985765337
-1.01112553257e-16
0.12985765337
0.260687428416
0.393361279623
0.528553951273
0.666652954805
0.807680713145
0.951235171995
1.0964554665
1.24201796501
1.38616507687
1.52676560352
1.66140318912
1.78749030192
1.9024078603
2.00366925069
2.08909514403
2.15696355279
2.2060847338
2.23576664211
2.24568946626
-2.20145467678
-2.19159055405
-2.16207104368
-2.11318766689
-2.04561808099
-1.96057468451
-1.85984251861
-1.74568911191
-1.6206919964
-1.48754498017
-1.34888289208
-1.20713756356
-1.0644244264
-0.922458572094
-0.782502132367
-0.645345110909
-0.511318909231
-0.380338201536
-0.251964587409
-0.125485136171
-9.77008590895e-17
0.125485136171
0.251964587409
0.380338201536
0.511318909231
0.645345110909
0.782502132367
0.922458572094
1.0644244264
1.20713756356
1.34888289208
1.48754498017
1.6206919964
1.74568911191
1.85984251861
1.96057468451
2.04561808099
2.11318766689
2.16207104368
2.19159055405
2.20145467678
-2.1561432287
-2.14555895181
-2.11409031978
-2.06257383993
-1.99235242276
-1.90520638098
-1.80327014098
-1.68894086722
-1.56477913736
-1.43339792983
-1.29733918325
-1.15894560093
-1.02024287293
-0.882848722823
-0.747919757463
-0.616138654054
-0.487736958082
-0.362544906806
-0.240059184261
-0.119521098874
-9.30483632505e-17
0.119521098874
0.240059184261
0.362544906806
0.487736958082
0.616138654054
0.747919757463
0.882848722823
1.02024287293
1.15894560093
1.29733918325
1.43339792983
1.56477913736
1.68894086722
1.80327014098
1.90520638098
1.99235242276
2.06257383993
2.11409031978
2.14555895181
2.1561432287
-2.09088571669
-2.07968265719
-2.04655814566
-1.99286246772
-1.92055852939
-1.83194868518
-1.72948714174
-1.61569844885
-1.49314935111
-1.36440653627
-1.23194747011
-1.09803595874
-0.964597508601
-0.833126791152
-0.704642757669
-0.57969019273
-0.458376886787
-0.340433394468
-0.225284576414
-0.112125798632
-8.72809327186e-17
0.112125798632
0.225284576414
0.340433394468
0.458376886787
0.57969019273
0.704642757669
0.833126791152
0.964597508601
1.09803595874
1.23194747011
1.36440653627
1.49314935111
1.61569844885
1.72948714174
1.83194868518
1.92055852939
1.99286246772
2.04655814566
2.07968265719
2.09088571669
-1.99041845654
-1.97947387838
-1.94709275754
-1.89454591093
-1.82371266218
-1.73685882183
-1.63648372398
-1.5252385771
-1.40586207617
-1.28108252481
-1.15347818516
-1.0253261032
-0.898479442519
-0.774298425776
-0.653637944321
-0.536879519684
-0.423990348546
-0.314594592329
-0.20804729327
-0.103506182341
-8.05608541398e-17
0.103506182341
0.20804729327
0.314594592329
0.423990348546
0.536879519684
0.653637944321
0.774298425776
0.898479442519
1.0253261032
1.15347818516
1.28108252481
1.40586207617
1.5252385771
1.63648372398
1.73685882183
1.82371266218
1.89454591093
1.94709275754
1.97947387838
1.99041845654
-1.86161459898
-1.85158534351
-1.82172792187
-1.77275726761
-1.7059280635
-1.62307769123
-1.52660514957
-1.41935229647
-1.30439254785
-1.18477103342
-1.06325769222
-0.942164112596
-0.823246664417
-0.707689952263
-0.596147678798
-0.488814617605
-0.385508857988
-0.285751801092
-0.188840559425
-0.0939120090197
-7.30836439728e-17
0.0939120090197
0.188840559425
0.285751801092
0.385508857988
0.488814617605
0.596147678798
0.707689952263
0.823246664417
0.942164112596
1.06325769222
1.18477103342
1.30439254785
1.41935229647
1.52660514957
1.62307769123
1.7059280635
1.77275726761
1.82172792187
1.85158534351
1.86161459898
-1.72570995408
-1.71631702444
-1.68820614301
-1.64170452499
-1.5776839258
-1.49781287292
-1.40460422963
-1.30121051801
-1.19104931542
-1.07739999641
-0.963089870137
-0.850321917417
-0.740634825936
-0.634953402249
-0.533683298349
-0.436815770611
-0.344023555813
-0.254741056746
-0.168229114914
-0.0836276484397
-6.5071497971e-17
0.0836276484397
0.168229114914
0.254741056746
0.344023555813
0.436815770611
0.533683298349
0.634953402249
0.740634825936
0.850321917417
0.963089870137
1.07739999641
1.19104931542
1.30121051801
1.40460422963
1.49781287292
1.5776839258
1.64170452499
1.68820614301
1.71631702444
1.72570995408
-1.59655586544
-1.58684151971
-1.55787044278
-1.51027456731
-1.44539776868
-1.36547159522
-1.27354744139
-1.17317247837
-1.06793657206
-0.961057092726
-0.85511328068
-0.751953764398
-0.652736537891
-0.558039285364
-0.467988028572
-0.382373624163
-0.300744678812
-0.22247703867
-0.146824912428
-0.0729594990951
-5.67633755996e-17
0.0729594990951
0.146824912428
0.22247703867
0.300744678812
0.382373624163
0.467988028572
0.558039285364
0.652736537891
0.751953764398
0.85511328068
0.961057092726
1.06793657206
1.17317247837
1.27354744139
1.36547159522
1.44539776868
1.51027456731
1.55787044278
1.58684151971
1.59655586544
-1.46921565798
-1.45839042787
-1.42645225247
-1.37500507037
-1.306654973
-1.22481663299
-1.13336415388
-1.03618982026
-0.936790931195
-0.83798967017
-0.741825454707
-0.649592754818
-0.561963612782
-0.479135645044
-0.400966854543
-0.327080973869
-0.2569423915
-0.189906864969
-0.125255739167
-0.0622201831208
-4.84026547854e-17
0.0622201831208
0.125255739167
0.189906864969
0.2569423915
0.327080973869
0.400966854543
0.479135645044
0.561963612782
0.649592754818
0.741825454707
0.83798967017
0.936790931195
1.03618982026
1.13336415388
1.22481663299
1.306654973
1.37500507037
1.42645225247
1.45839042787
1.46921565798
-1.3271860733
-1.31525499906
-1.2804468527
-1.22553218729
-1.15456710811
-1.07221985647
-0.983100226369
-0.89124010894
-0.799801104909
-0.711004262528
-0.626220526847
-0.546142201652
-0.470968587267
-0.400565688818
-0.334585192966
-0.272544384254
-0.213875962478
-0.15795782424
-0.10413104281
-0.0517117057647
-4.02240717489e-17
0.0517117057647
0.10413104281
0.15795782424
0.213875962478
0.272544384254
0.334585192966
0.400565688818
0.470968587267
0.546142201652
0.626220526847
0.711004262528
0.799801104909
0.89124010894
0.983100226369
1.07221985647
1.15456710811
1.22553218729
1.2804468527
1.31525499906
1.3271860733
-1.15759470927
-1.14535563328
-1.10994982342
-1.05498134521
-0.9854922965
-0.906913402712
-0.824166110631
-0.741124652587
-0.660461288907
-0.583767288353
-0.511803619085
-0.44476533358
-0.382497492356
-0.324645534107
-0.270748120821
-0.220288876232
-0.172722595659
-0.127487428325
-0.0840103674128
-0.0417102057342
-3.24419712272e-17
0.0417102057342
0.0840103674128
0.127487428325
0.172722595659
0.220288876232
0.270748120821
0.324645534107
0.382497492356
0.44476533358
0.511803619085
0.583767288353
0.660461288907
0.741124652587
0.824166110631
0.906913402712
0.9854922965
1.05498134521
1.10994982342
1.14535563328
1.15759470927
-0.960711618786
-0.949301430973
-0.91647855136
-0.866069335133
-0.803307277118
-0.733632040689
-0.661726469834
-0.59101921819
-0.523636896506
-0.460639096345
-0.402348219558
-0.348646383218
-0.299187669534
-0.253526253443
-0.211182797706
-0.171673305927
-0.134518402029
-0.0992440160393
-0.0653793152997
-0.0324545815628
-2.52416038081e-17
0.0324545815628
0.0653793152997
0.0992440160393
0.134518402029
0.171673305927
0.211182797706
0.253526253443
0.299187669534
0.348646383218
0.402348219558
0.460639096345
0.523636896506
0.59101921819
0.661726469834
0.733632040689
0.803307277118
0.866069335133
0.91647855136
0.949301430973
0.960711618786
-0.749270688826
-0.739663053806
-0.712122045152
-0.670112205177
-0.618315423836
-0.561502848926
-0.503659396678
-0.447569447068
-0.394829148093
-0.346109192709
-0.301482343965
-0.260698442248
-0.223367318182
-0.189059188667
-0.157349359212
-0.12783217699
-0.100121002276
-0.0738434265859
-0.0486360323427
-0.0241403042885
-1.87744450436e-17
0.0241403042885
0.0486360323427
0.0738434265859
0.100121002276
0.12783217699
0.157349359212
0.189059188667
0.223367318182
0.260698442248
0.301482343965
0.346109192709
0.394829148093
0.447569447068
0.503659396678
0.561502848926
0.618315423836
0.670112205177
0.712122045152
0.739663053806
0.749270688826
-0.541707432091
-0.534429533763
-0.513609710217
-0.481979765519
-0.443207474861
-0.400990074123
-0.358362708332
-0.317387214433
-0.279185368516
-0.244166990583
-0.212300020375
-0.183329565606
-0.156917908741
-0.132716917711
-0.110396762535
-0.089651843637
-0.0701973152104
-0.0517631455295
-0.0340886650754
-0.0169185149401
-1.31575829081e-17
0.0169185149401
0.0340886650754
0.0517631455295
0.0701973152104
0.089651843637
0.110396762535
0.132716917711
0.156917908741
0.183329565606
0.212300020375
0.244166990583
0.279185368516
0.317387214433
0.358362708332
0.400990074123
0.443207474861
0.481979765519
0.513609710217
0.534429533763
0.541707432091
-0.355311648091
-0.350413538154
-0.336417084122
-0.315199718662
-0.289273680372
-0.261157039471
-0.23289805322
-0.205866796729
-0.180786342938
-0.15789687314
-0.137145386369
-0.118336936147
-0.101229295909
-0.0855803055472
-0.0711652949615
-0.0577793793972
-0.045233871524
-0.0333514559577
-0.0219619969032
-0.0108994788866
-8.47644340861e-18
0.0108994788866
0.0219619969032
0.0333514559577
0.045233871524
0.0577793793972
0.0711652949615
0.0855803055472
0.101229295909
0.118336936147
0.137145386369
0.15789687314
0.180786342938
0.205866796729
0.23289805322
0.261157039471
0.289273680372
0.315199718662
0.336417084122
0.350413538154
0.355311648091
-0.202542699403
-0.19971610712
-0.191643277857
-0.179418198423
-0.164502498301
-0.148357347449
-0.132166203792
-0.116714881017
-0.102411951723
-0.0893863382655
-0.0775989451162
-0.0669309599451
-0.0572385901415
-0.048379999357
-0.0402248400667
-0.0326551162504
-0.0255627745222
-0.0188466962763
-0.0124101382693
-0.00615887877613
-4.78968236039e-18
0.00615887877613
0.0124101382693
0.0188466962763
0.0255627745222
0.0326551162504
0.0402248400667
0.048379999357
0.0572385901415
0.0669309599451
0.0775989451162
0.0893863382655
0.102411951723
0.116714881017
0.132166203792
0.148357347449
0.164502498301
0.179418198423
0.191643277857
0.19971610712
0.202542699403
-0.0905824463141
-0.0893125131163
-0.0856862514257
-0.0801969309167
-0.0735032133944
-0.0662629140697
-0.0590079758926
-0.0520906399853
-0.0456930159812
-0.0398714101128
-0.0346068389951
-0.0298448720101
-0.0255202403609
-0.0215688739934
-0.0179320968434
-0.0145569372027
-0.0113949890328
-0.00840102346981
-0.00553181569211
-0.00274529740734
-2.13497785826e-18
0.00274529740734
0.00553181569211
0.00840102346981
0.0113949890328
0.0145569372027
0.0179320968434
0.0215688739934
0.0255202403609
0.0298448720101
0.0346068389951
0.0398714101128
0.0456930159812
0.0520906399853
0.0590079758926
0.0662629140697
0.0735032133944
0.0801969309167
0.0856862514257
0.0893125131163
0.0905824463141
-0.022699940676
-0.0223813572728
-0.0214716914311
-0.0200947902295
-0.0184160046536
-0.0166004360978
-0.0147815448545
-0.0130476492337
-0.011444349904
-0.0099856783429
-0.00866678991613
-0.00747396887009
-0.00639080288281
-0.00540119892487
-0.00449043061345
-0.00364521158596
-0.00285340656586
-0.00210368088283
-0.0013852048267
-0.000687440189006
-5.34611925386e-19
0.000687440189006
0.0013852048267
0.00210368088283
0.00285340656586
0.00364521158596
0.00449043061345
0.00540119892487
0.00639080288281
0.00747396887009
0.00866678991613
0.0099856783429
0.011444349904
0.0130476492337
0.0147815448545
0.0166004360978
0.0184160046536
0.0200947902295
0.0214716914311
0.0223813572728
0.022699940676
-2.8706748303e-16
-2.83038334352e-16
-2.71533755424e-16
-2.54120136254e-16
-2.32888780587e-16
-2.09927804108e-16
-1.86925100956e-16
-1.64997599718e-16
-1.44721944099e-16
-1.26275511921e-16
-1.09596963118e-16
-9.45127819904e-17
-8.08153680405e-17
-6.83011745852e-17
-5.67839504157e-17
-4.6095663967e-17
-3.60828463748e-17
-2.66021571108e-17
-1.75166437862e-17
-8.69304181131e-18
-6.76044798444e-33
8.69304181131e-18
1.75166437862e-17
2.66021571108e-17
3.60828463748e-17
4.6095663967e-17
5.67839504157e-17
6.83011745852e-17
8.08153680405e-17
9.45127819904e-17
1.09596963118e-16
1.26275511921e-16
1.44721944099e-16
1.64997599718e-16
1.86925100956e-16
2.09927804108e-16
2.32888780587e-16
2.54120136254e-16
2.71533755424e-16
2.83038334352e-16
2.8706748303e-16
