0.0
0.0
0.0
0.0
0.0
0.0
0.0
0.0
0.0
0.0
0.0
0.0
0.0
0.0
0.0
0.0
0.0
0.0
0.0
0.0
0.0
0.0
0.0
0.0
0.0
0.0
0.0
0.0
0.0
0.0
0.0
0.0
0.0
0.0
0.0
0.0
0.0
0.0
0.0
0.0
0.0
0.0
0.000476094455035
0.000678404662467
0.000996571176231
0.00140652071885
0.00188160592067
0.00239643105002
0.00292913860638
0.00346214574196
0.00398183904761
0.00447782749881
0.00494217234754
0.00536877696469
0.00575295733276
0.00609114606465
0.00638067619716
0.00661960797638
0.00680658051461
0.00694068309929
0.00702134786078
0.00704826823961
0.00702134786078
0.00694068309929
0.00680658051461
0.00661960797638
0.00638067619716
0.00609114606465
0.00575295733276
0.00536877696469
0.00494217234754
0.00447782749881
0.00398183904761
0.00346214574196
0.00292913860638
0.00239643105002
0.00188160592067
0.00140652071885
0.000996571176231
0.000678404662467
0.000476094455035
0.0
0.0
0.00171830518902
0.00252563911044
0.00379537707734
0.00543152712678
0.00732780820945
0.00938289915833
0.0115095609975
0.0136375850453
0.0157125888728
0.0176930474346
0.0195472276963
0.0212507571017
0.0227849099172
0.024135424922
0.0252916409879
0.0262458042925
0.0269924750413
0.027528012901
0.0278501479284
0.0279576546888
0.0278501479284
0.027528012901
0.0269924750413
0.0262458042925
0.0252916409879
0.024135424922
0.0227849099172
0.0212507571017
0.0195472276963
0.0176930474346
0.0157125888728
0.0136375850453
0.0115095609975
0.00938289915833
0.00732780820945
0.00543152712678
0.00379537707734
0.00252563911044
0.00171830518902
0.0
0.0
0.00323111747801
0.00503660665304
0.00787687878062
0.0115379751884
0.015782764034
0.0203848704197
0.0251490528702
0.0299178861773
0.0345692026413
0.03900957092
0.0431675158189
0.046988112779
0.0504291587277
0.0534585167715
0.0560521673816
0.0581926440629
0.0598676940415
0.0610691177294
0.0617918019131
0.0620329859573
0.0617918019131
0.0610691177294
0.0598676940415
0.0581926440629
0.0560521673816
0.0534585167715
0.0504291587277
0.046988112779
0.0431675158189
0.03900957092
0.0345692026413
0.0299178861773
0.0251490528702
0.0203848704197
0.015782764034
0.0115379751884
0.00787687878062
0.00503660665304
0.00323111747801
0.0
0.0
0.00438909280048
0.0075577205317
0.0125455608856
0.0189804434517
0.0264487721401
0.0345542704198
0.0429536269195
0.0513686399857
0.0595823494487
0.0674281429591
0.07477820724
0.0815341929718
0.0876205106899
0.0929796191654
0.0975685327006
0.101356005942
0.104320124969
0.106446224889
0.107725159159
0.10815198833
0.107725159159
0.106446224889
0.104320124969
0.101356005942
0.0975685327006
0.0929796191654
0.0876205106899
0.0815341929718
0.07477820724
0.0674281429591
0.0595823494487
0.0513686399857
0.0429536269195
0.0345542704198
0.0264487721401
0.0189804434517
0.0125455608856
0.0075577205317
0.00438909280048
0.0
0.0
0.00469866740998
0.009533752272
0.0171547745246
0.0270042857796
0.0384592675735
0.0509182494158
0.0638553261407
0.0768399810212
0.0895331280679
0.101672218564
0.113054725396
0.123524383131
0.132961016529
0.14127319458
0.148392675962
0.154269894942
0.158870101715
0.162170040482
0.164155200994
0.164817743242
0.164155200994
0.162170040482
0.158870101715
0.154269894942
0.148392675962
0.14127319458
0.132961016529
0.123524383131
0.113054725396
0.101672218564
0.0895331280679
0.0768399810212
0.0638553261407
0.0509182494158
0.0384592675735
0.0270042857796
0.0171547745246
0.009533752272
0.00469866740998
0.0
0.0
0.0040622010365
0.0107600837439
0.0213413217984
0.0350590545428
0.0510699716666
0.0685488686704
0.0867625024579
0.105100104964
0.123072563875
0.140295974267
0.1564714681
0.171367368136
0.184805277186
0.196649549619
0.206799065923
0.215180454936
0.221742300466
0.226450185874
0.229282621619
0.230227986221
0.229282621619
0.226450185874
0.221742300466
0.215180454936
0.206799065923
0.196649549619
0.184805277186
0.171367368136
0.1564714681
0.140295974267
0.123072563875
0.105100104964
0.0867625024579
0.0685488686704
0.0510699716666
0.0350590545428
0.0213413217984
0.0107600837439
0.0040622010365
0.0
0.0
0.00291122616197
0.0115193557617
0.0251661062385
0.04294205735
0.0638030037361
0.0867049628325
0.110696937861
0.134965934212
0.158844996966
0.181800354874
0.203410968335
0.223348149325
0.24135817299
0.257248140355
0.270874402641
0.282132825049
0.290950449579
0.297278410163
0.301086156403
0.302357142826
0.301086156403
0.297278410163
0.290950449579
0.282132825049
0.270874402641
0.257248140355
0.24135817299
0.223348149325
0.203410968335
0.181800354874
0.158844996966
0.134965934212
0.110696937861
0.0867049628325
0.0638030037361
0.04294205735
0.0251661062385
0.0115193557617
0.00291122616197
0.0
0.0
0.00206481325269
0.0124705170889
0.029046397949
0.050777628068
0.076469293683
0.104889048682
0.134875019571
0.165399164468
0.195591682901
0.224739231954
0.252269595194
0.277731714153
0.300775863879
0.321135819709
0.338613333031
0.353064699367
0.364389182004
0.372519214242
0.377412467187
0.379045967576
0.377412467187
0.372519214242
0.364389182004
0.353064699367
0.338613333031
0.321135819709
0.300775863879
0.277731714153
0.252269595194
0.224739231954
0.195591682901
0.165399164468
0.134875019571
0.104889048682
0.076469293683
0.050777628068
0.029046397949
0.0124705170889
0.00206481325269
0.0
0.0
0.00227380429252
0.0142506261985
0.0334400360939
0.0587933504043
0.089032691965
0.122785983209
0.158703727708
0.195542743307
0.232213739709
0.267798393102
0.30154548191
0.332855399484
0.361259914106
0.386401247154
0.40801241456
0.425899562288
0.439926523704
0.450001725563
0.456067621018
0.458092886408
0.456067621018
0.450001725563
0.439926523704
0.425899562288
0.40801241456
0.386401247154
0.361259914106
0.332855399484
0.30154548191
0.267798393102
0.232213739709
0.195542743307
0.158703727708
0.122785983209
0.089032691965
0.0587933504043
0.0334400360939
0.0142506261985
0.00227380429252
0.0
0.0
0.00365535342797
0.016966906153
0.0384213630889
0.0669923842454
0.101378037601
0.140116473539
0.181704185701
0.224697973384
0.267787898774
0.309837871367
0.349898404516
0.387199952927
0.421135246744
0.451236949432
0.477154528072
0.498632384559
0.515490246574
0.527606359608
0.53490387838
0.537340818003
0.53490387838
0.527606359608
0.515490246574
0.498632384559
0.477154528072
0.451236949432
0.421135246744
0.387199952927
0.349898404516
0.309837871367
0.267787898774
0.224697973384
0.181704185701
0.140116473539
0.101378037601
0.0669923842454
0.0384213630889
0.016966906153
0.00365535342797
0.0
0.0
0.00546234020441
0.0199734608351
0.0434721405829
0.0749667608085
0.113154593942
0.156516058875
0.203428060937
0.252276668812
0.301550147815
0.34990149337
0.396179492267
0.43943425505
0.478905661265
0.51400239384
0.544277123595
0.569401335588
0.589141839675
0.603340187751
0.611895817339
0.614753536917
0.611895817339
0.603340187751
0.589141839675
0.569401335588
0.544277123595
0.51400239384
0.478905661265
0.43943425505
0.396179492267
0.34990149337
0.301550147815
0.252276668812
0.203428060937
0.156516058875
0.113154593942
0.0749667608085
0.0434721405829
0.0199734608351
0.00546234020441
0.0
0.0
0.00655847835595
0.0222686143305
0.0477727378676
0.0820790407116
0.123865253581
0.171559774527
0.223446650023
0.277778114861
0.332876033483
0.387208598582
0.439437077545
0.488434844269
0.53328510132
0.573264646277
0.60782003411
0.636540842117
0.659133251997
0.675396098901
0.685200862298
0.688476644147
0.685200862298
0.675396098901
0.659133251997
0.636540842117
0.60782003411
0.573264646277
0.53328510132
0.488434844269
0.439437077545
0.387208598582
0.332876033483
0.277778114861
0.223446650023
0.171559774527
0.123865253581
0.0820790407116
0.0477727378676
0.0222686143305
0.00655847835595
0.0
0.0
0.00639724040964
0.0233475345484
0.0508774894078
0.0879460117142
0.133175998334
0.184934327592
0.241428659152
0.3008110789
0.361276169698
0.421142184892
0.478908221324
0.533285703712
0.583207032407
0.627816801583
0.66645160693
0.698613831609
0.723943690016
0.74219271766
0.753201016007
0.756879893562
0.753201016007
0.74219271766
0.723943690016
0.698613831609
0.66645160693
0.627816801583
0.583207032407
0.533285703712
0.478908221324
0.421142184892
0.361276169698
0.3008110789
0.241428659152
0.184934327592
0.133175998334
0.0879460117142
0.0508774894078
0.0233475345484
0.00639724040964
0.0
0.0
0.00561698977764
0.0237356817972
0.0531577548919
0.0927776358011
0.141152063453
0.196584625445
0.25721701415
0.321122484835
0.386396171842
0.451235235338
0.514001827065
0.57326438848
0.627816663146
0.676677279932
0.719074805121
0.75442370863
0.782296242502
0.802394350952
0.814524789593
0.818579780507
0.814524789593
0.802394350952
0.782296242502
0.75442370863
0.719074805121
0.676677279932
0.627816663146
0.57326438848
0.514001827065
0.451235235338
0.386396171842
0.321122484835
0.25721701415
0.196584625445
0.141152063453
0.0927776358011
0.0531577548919
0.0237356817972
0.00561698977764
0.0
0.0
0.00545278596548
0.0244928402104
0.0554296459448
0.0971291032112
0.148111461637
0.206635690537
0.270788074639
0.338571744573
0.407994094749
0.477147115855
0.544274338164
0.607819036125
0.666451261916
0.719074710009
0.764817076432
0.803008946579
0.833156468981
0.854912569824
0.86805062564
0.872443585186
0.86805062564
0.854912569824
0.833156468981
0.803008946579
0.764817076432
0.719074710009
0.666451261916
0.607819036125
0.544274338164
0.477147115855
0.407994094749
0.338571744573
0.270788074639
0.206635690537
0.148111461637
0.0971291032112
0.0554296459448
0.0244928402104
0.00545278596548
0.0
0.0
0.00637230592562
0.02602819131
0.058017008032
0.101226172097
0.15418212504
0.215126262146
0.282102284465
0.353048988951
0.425892177815
0.498629204201
0.569400071079
0.636540370207
0.698613664865
0.754423658266
0.803008939177
0.843624746827
0.875716903909
0.89889297765
0.912895112459
0.917578082948
0.912895112459
0.89889297765
0.875716903909
0.843624746827
0.803008939177
0.754423658266
0.698613664865
0.636540370207
0.569400071079
0.498629204201
0.425892177815
0.353048988951
0.282102284465
0.215126262146
0.15418212504
0.101226172097
0.058017008032
0.02602819131
0.00637230592562
0.0
0.0
0.00748251145883
0.0275724463594
0.0603173042137
0.104635328696
0.159070209842
0.221857558917
0.291010829799
0.364418043279
0.439939161218
0.515495339569
0.58914373794
0.659133908885
0.723943902238
0.782296308491
0.833156490421
0.875716910549
0.909372463376
0.933691977568
0.948390674721
0.953307560436
0.948390674721
0.933691977568
0.909372463376
0.875716910549
0.833156490421
0.782296308491
0.723943902238
0.659133908885
0.58914373794
0.515495339569
0.439939161218
0.364418043279
0.291010829799
0.221857558917
0.159070209842
0.104635328696
0.0603173042137
0.0275724463594
0.00748251145883
0.0
0.0
0.00760211518043
0.0280989874428
0.0615162044471
0.106764024352
0.162375345593
0.226570913538
0.297343162158
0.372550972342
0.450016014431
0.527612280149
0.603342457006
0.675396907389
0.742192986982
0.802394435808
0.854912595709
0.898892985207
0.933691979167
0.95884882833
0.974058045273
0.979146443631
0.974058045273
0.95884882833
0.933691979167
0.898892985207
0.854912595709
0.802394435808
0.742192986982
0.675396907389
0.603342457006
0.527612280149
0.450016014431
0.372550972342
0.297343162158
0.226570913538
0.162375345593
0.106764024352
0.0615162044471
0.0280989874428
0.00760211518043
0.0
0.0
0.00678387962036
0.0276466118758
0.0616342856208
0.1076149778
0.164085434645
0.229242550923
0.30106522505
0.377402490442
0.456063264502
0.534902127274
0.611895165793
0.685200636389
0.753200942498
0.814524767091
0.868050619228
0.912895110712
0.948390674114
0.974058044992
0.989578703565
0.994771763277
0.989578703565
0.974058044992
0.948390674114
0.912895110712
0.868050619228
0.814524767091
0.753200942498
0.685200636389
0.611895165793
0.534902127274
0.456063264502
0.377402490442
0.30106522505
0.229242550923
0.164085434645
0.1076149778
0.0616342856208
0.0276466118758
0.00678387962036
0.0
0.0
0.00626002501986
0.0272785957365
0.0615030130921
0.107776922548
0.164576721326
0.230087095294
0.302282052636
0.379009375257
0.458076525943
0.537334079336
0.614750967705
0.688475732418
0.756879590562
0.818579685619
0.872443557036
0.917578074957
0.953307558176
0.979146442966
0.994771763129
1.0
0.994771763129
0.979146442966
0.953307558176
0.917578074957
0.872443557036
0.818579685619
0.756879590562
0.688475732418
0.614750967705
0.537334079336
0.458076525943
0.379009375257
0.302282052636
0.230087095294
0.164576721326
0.107776922548
0.0615030130921
0.0272785957365
0.00626002501986
0.0
0.0
0.00678387962036
0.0276466118758
0.0616342856208
0.1076149778
0.164085434645
0.229242550923
0.30106522505
0.377402490442
0.456063264502
0.534902127274
0.611895165793
0.685200636389
0.753200942498
0.814524767091
0.868050619228
0.912895110712
0.948390674114
0.974058044992
0.989578703565
0.994771763277
0.989578703565
0.974058044992
0.948390674114
0.912895110712
0.868050619228
0.814524767091
0.753200942498
0.685200636389
0.611895165793
0.534902127274
0.456063264502
0.377402490442
0.30106522505
0.229242550923
0.164085434645
0.1076149778
0.0616342856208
0.0276466118758
0.00678387962036
0.0
0.0
0.00760211518042
0.0280989874428
0.0615162044471
0.106764024352
0.162375345593
0.226570913538
0.297343162158
0.372550972342
0.450016014431
0.527612280149
0.603342457006
0.675396907389
0.742192986982
0.802394435808
0.854912595709
0.898892985207
0.933691979167
0.95884882833
0.974058045273
0.979146443631
0.974058045273
0.95884882833
0.933691979167
0.898892985207
0.854912595709
0.802394435808
0.742192986982
0.675396907389
0.603342457006
0.527612280149
0.450016014431
0.372550972342
0.297343162158
0.226570913538
0.162375345593
0.106764024352
0.0615162044471
0.0280989874428
0.00760211518042
0.0
0.0
0.00748251145883
0.0275724463594
0.0603173042137
0.104635328696
0.159070209842
0.221857558917
0.291010829799
0.364418043279
0.439939161218
0.515495339569
0.58914373794
0.659133908885
0.723943902238
0.782296308491
0.833156490421
0.875716910549
0.909372463376
0.933691977568
0.948390674721
0.953307560436
0.948390674721
0.933691977568
0.909372463376
0.875716910549
0.833156490421
0.782296308491
0.723943902238
0.659133908885
0.58914373794
0.515495339569
0.439939161218
0.364418043279
0.291010829799
0.221857558917
0.159070209842
0.104635328696
0.0603173042137
0.0275724463594
0.00748251145883
0.0
0.0
0.00637230592562
0.02602819131
0.058017008032
0.101226172097
0.15418212504
0.215126262146
0.282102284465
0.353048988951
0.425892177815
0.498629204201
0.569400071079
0.636540370207
0.698613664865
0.754423658266
0.803008939177
0.843624746827
0.875716903909
0.89889297765
0.912895112459
0.917578082948
0.912895112459
0.89889297765
0.875716903909
0.843624746827
0.803008939177
0.754423658266
0.698613664865
0.636540370207
0.569400071079
0.498629204201
0.425892177815
0.353048988951
0.282102284465
0.215126262146
0.15418212504
0.101226172097
0.058017008032
0.02602819131
0.00637230592562
0.0
0.0
0.00545278596548
0.0244928402104
0.0554296459448
0.0971291032112
0.148111461637
0.206635690537
0.270788074639
0.338571744573
0.407994094749
0.477147115855
0.544274338164
0.607819036125
0.666451261916
0.719074710009
0.764817076432
0.803008946579
0.833156468981
0.854912569824
0.86805062564
0.872443585186
0.86805062564
0.854912569824
0.833156468981
0.803008946579
0.764817076432
0.719074710009
0.666451261916
0.607819036125
0.544274338164
0.477147115855
0.407994094749
0.338571744573
0.270788074639
0.206635690537
0.148111461637
0.0971291032112
0.0554296459448
0.0244928402104
0.00545278596548
0.0
0.0
0.00561698977764
0.0237356817972
0.0531577548919
0.0927776358011
0.141152063453
0.196584625445
0.25721701415
0.321122484835
0.386396171842
0.451235235338
0.514001827065
0.57326438848
0.627816663146
0.676677279932
0.719074805121
0.75442370863
0.782296242502
0.802394350952
0.814524789593
0.818579780507
0.814524789593
0.802394350952
0.782296242502
0.75442370863
0.719074805121
0.676677279932
0.627816663146
0.57326438848
0.514001827065
0.451235235338
0.386396171842
0.321122484835
0.25721701415
0.196584625445
0.141152063453
0.0927776358011
0.0531577548919
0.0237356817972
0.00561698977764
0.0
0.0
0.00639724040964
0.0233475345484
0.0508774894078
0.0879460117142
0.133175998334
0.184934327592
0.241428659152
0.3008110789
0.361276169698
0.421142184892
0.478908221324
0.533285703712
0.583207032407
0.627816801583
0.66645160693
0.698613831609
0.723943690016
0.74219271766
0.753201016007
0.756879893562
0.753201016007
0.74219271766
0.723943690016
0.698613831609
0.66645160693
0.627816801583
0.583207032407
0.533285703712
0.478908221324
0.421142184892
0.361276169698
0.3008110789
0.241428659152
0.184934327592
0.133175998334
0.0879460117142
0.0508774894078
0.0233475345484
0.00639724040964
0.0
0.0
0.00655847835595
0.0222686143305
0.0477727378676
0.0820790407116
0.123865253581
0.171559774527
0.223446650023
0.277778114861
0.332876033483
0.387208598582
0.439437077545
0.488434844269
0.53328510132
0.573264646277
0.60782003411
0.636540842117
0.659133251997
0.675396098901
0.685200862298
0.688476644147
0.685200862298
0.675396098901
0.659133251997
0.636540842117
0.60782003411
0.573264646277
0.53328510132
0.488434844269
0.439437077545
0.387208598582
0.332876033483
0.277778114861
0.223446650023
0.171559774527
0.123865253581
0.0820790407116
0.0477727378676
0.0222686143305
0.00655847835595
0.0
0.0
0.00546234020441
0.0199734608351
0.0434721405829
0.0749667608085
0.113154593942
0.156516058875
0.203428060937
0.252276668812
0.301550147815
0.34990149337
0.396179492267
0.43943425505
0.478905661265
0.51400239384
0.544277123595
0.569401335588
0.589141839675
0.603340187751
0.611895817339
0.614753536917
0.611895817339
0.603340187751
0.589141839675
0.569401335588
0.544277123595
0.51400239384
0.478905661265
0.43943425505
0.396179492267
0.34990149337
0.301550147815
0.252276668812
0.203428060937
0.156516058875
0.113154593942
0.0749667608085
0.0434721405829
0.0199734608351
0.00546234020441
0.0
0.0
0.00365535342797
0.016966906153
0.0384213630889
0.0669923842454
0.101378037601
0.140116473539
0.181704185701
0.224697973384
0.267787898774
0.309837871367
0.349898404516
0.387199952927
0.421135246744
0.451236949432
0.477154528072
0.498632384559
0.515490246574
0.527606359608
0.53490387838
0.537340818003
0.53490387838
0.527606359608
0.515490246574
0.498632384559
0.477154528072
0.451236949432
0.421135246744
0.387199952927
0.349898404516
0.309837871367
0.267787898774
0.224697973384
0.181704185701
0.140116473539
0.101378037601
0.0669923842454
0.0384213630889
0.016966906153
0.00365535342797
0.0
0.0
0.00227380429252
0.0142506261985
0.0334400360939
0.0587933504043
0.089032691965
0.122785983209
0.158703727708
0.195542743307
0.232213739709
0.267798393102
0.30154548191
0.332855399484
0.361259914106
0.386401247154
0.40801241456
0.425899562288
0.439926523704
0.450001725563
0.456067621018
0.458092886408
0.456067621018
0.450001725563
0.439926523704
0.425899562288
0.40801241456
0.386401247154
0.361259914106
0.332855399484
0.30154548191
0.267798393102
0.232213739709
0.195542743307
0.158703727708
0.122785983209
0.089032691965
0.0587933504043
0.0334400360939
0.0142506261985
0.00227380429252
0.0
0.0
0.00206481325269
0.0124705170889
0.029046397949
0.050777628068
0.076469293683
0.104889048682
0.134875019571
0.165399164468
0.195591682901
0.224739231954
0.252269595194
0.277731714153
0.300775863879
0.321135819709
0.338613333031
0.353064699367
0.364389182004
0.372519214242
0.377412467187
0.379045967576
0.377412467187
0.372519214242
0.364389182004
0.353064699367
0.338613333031
0.321135819709
0.300775863879
0.277731714153
0.252269595194
0.224739231954
0.195591682901
0.165399164468
0.134875019571
0.104889048682
0.076469293683
0.050777628068
0.029046397949
0.0124705170889
0.00206481325269
0.0
0.0
0.00291122616197
0.0115193557617
0.0251661062385
0.04294205735
0.0638030037361
0.0867049628325
0.110696937861
0.134965934212
0.158844996966
0.181800354874
0.203410968335
0.223348149325
0.24135817299
0.257248140355
0.270874402641
0.282132825049
0.290950449579
0.297278410163
0.301086156403
0.302357142826
0.301086156403
0.297278410163
0.290950449579
0.282132825049
0.270874402641
0.257248140355
0.24135817299
0.223348149325
0.203410968335
0.181800354874
0.158844996966
0.134965934212
0.110696937861
0.0867049628325
0.0638030037361
0.04294205735
0.0251661062385
0.0115193557617
0.00291122616197
0.0
0.0
0.0040622010365
0.0107600837439
0.0213413217984
0.0350590545428
0.0510699716666
0.0685488686704
0.0867625024579
0.105100104964
0.123072563875
0.140295974267
0.1564714681
0.171367368136
0.184805277186
0.196649549619
0.206799065923
0.215180454936
0.221742300466
0.226450185874
0.229282621619
0.230227986221
0.229282621619
0.226450185874
0.221742300466
0.215180454936
0.206799065923
0.196649549619
0.184805277186
0.171367368136
0.1564714681
0.140295974267
0.123072563875
0.105100104964
0.0867625024579
0.0685488686704
0.0510699716666
0.0350590545428
0.0213413217984
0.0107600837439
0.0040622010365
0.0
0.0
0.00469866740998
0.009533752272
0.0171547745246
0.0270042857796
0.0384592675735
0.0509182494158
0.0638553261407
0.0768399810212
0.0895331280679
0.101672218564
0.113054725396
0.123524383131
0.132961016529
0.14127319458
0.148392675962
0.154269894942
0.158870101715
0.162170040482
0.164155200994
0.164817743242
0.164155200994
0.162170040482
0.158870101715
0.154269894942
0.148392675962
0.14127319458
0.132961016529
0.123524383131
0.113054725396
0.101672218564
0.0895331280679
0.0768399810212
0.0638553261407
0.0509182494158
0.0384592675735
0.0270042857796
0.0171547745246
0.009533752272
0.00469866740998
0.0
0.0
0.00438909280048
0.0075577205317
0.0125455608856
0.0189804434517
0.0264487721401
0.0345542704198
0.0429536269195
0.0513686399857
0.0595823494487
0.0674281429591
0.07477820724
0.0815341929718
0.0876205106899
0.0929796191654
0.0975685327006
0.101356005942
0.104320124969
0.106446224889
0.107725159159
0.10815198833
0.107725159159
0.106446224889
0.104320124969
0.101356005942
0.0975685327006
0.0929796191654
0.0876205106899
0.0815341929718
0.07477820724
0.0674281429591
0.0595823494487
0.0513686399857
0.0429536269195
0.0345542704198
0.0264487721401
0.0189804434517
0.0125455608856
0.0075577205317
0.00438909280048
0.0
0.0
0.00323111747801
0.00503660665304
0.00787687878062
0.0115379751884
0.015782764034
0.0203848704197
0.0251490528702
0.0299178861773
0.0345692026413
0.03900957092
0.0431675158189
0.046988112779
0.0504291587277
0.0534585167715
0.0560521673816
0.0581926440629
0.0598676940415
0.0610691177294
0.0617918019131
0.0620329859573
0.0617918019131
0.0610691177294
0.0598676940415
0.0581926440629
0.0560521673816
0.0534585167715
0.0504291587277
0.046988112779
0.0431675158189
0.03900957092
0.0345692026413
0.0299178861773
0.0251490528702
0.0203848704197
0.015782764034
0.0115379751884
0.00787687878062
0.00503660665304
0.00323111747801
0.0
0.0
0.00171830518902
0.00252563911044
0.00379537707734
0.00543152712678
0.00732780820945
0.00938289915833
0.0115095609975
0.0136375850453
0.0157125888728
0.0176930474346
0.0195472276963
0.0212507571017
0.0227849099172
0.024135424922
0.0252916409879
0.0262458042925
0.0269924750413
0.027528012901
0.0278501479284
0.0279576546888
0.0278501479284
0.027528012901
0.0269924750413
0.0262458042925
0.0252916409879
0.024135424922
0.0227849099172
0.0212507571017
0.0195472276963
0.0176930474346
0.0157125888728
0.0136375850453
0.0115095609975
0.00938289915833
0.00732780820945
0.00543152712678
0.00379537707734
0.00252563911044
0.00171830518902
0.0
0.0
0.000476094455035
0.000678404662467
0.000996571176231
0.00140652071885
0.00188160592067
0.00239643105002
0.00292913860638
0.00346214574196
0.00398183904761
0.00447782749881
0.00494217234754
0.00536877696469
0.00575295733276
0.00609114606465
0.00638067619716
0.00661960797638
0.00680658051461
0.00694068309929
0.00702134786078
0.00704826823961
0.00702134786078
0.00694068309929
0.00680658051461
0.00661960797638
0.00638067619716
0.00609114606465
0.00575295733276
0.00536877696469
0.00494217234754
0.00447782749881
0.00398183904761
0.00346214574196
0.00292913860638
0.00239643105002
0.00188160592067
0.00140652071885
0.000996571176231
0.000678404662467
0.000476094455035
0.0
0.0
0.0
0.0
0.0
0.0
0.0
0.0
0.0
0.0
0.0
0.0
0.0
0.0
0.0
0.0
0.0
0.0
0.0
0.0
0.0
0.0
0.0
0.0
0.0
0.0
0.0
0.0
0.0
0.0
0.0
0.0
0.0
0.0
0.0
0.0
0.0
0.0
0.0
0.0
0.0
0.0
